leaflet-velocity-master/demo/----wind-global.json
{"header": { "discipline":0, "gribEdition":2, "gribLength":60781, "center":34, "subcenter":0, "refTime":"2021-04-18T00:00:00.000Z", "significanceOfRT":1, "productStatus":0, "productType":1, "productDefinitionTemplate":0, "parameterCategory":2, "parameterNumber":2, "parameterUnit":"m.s-1", "genProcessType":1, "forecastTime":0, "surface1Type":103, "surface1Value":10.0, "surface2Type":255, "surface2Value":-9.999E-252, "gridDefinitionTemplate":0, "numberPoints":40401, "shape":6, "gridUnits":"degrees", "resolution":48, "winds":"true", "scanMode":64, "nx":201, "ny":201, "basicAngle":0, "lo1":90.0, "la1":-5.0, "lo2":140.0, "la2":45.0, "dx":0.25, "dy":0.25 }, "data":
[rows 50 to 74 of 201, columns 0 to 56 of 201]
3.1493683,3.7587433,3.9931183,3.7743683,3.5868683,3.6337433,3.8056183,4.0087433,4.3212433,4.4306183,4.2431183,4.0868683,3.9931183,3.9462433,3.9462433,3.9149933,3.9618683,4.1806183,4.3524933,4.2587433,3.9774933,3.6962433,3.3681183,3.1962433,3.2899933,3.2587433,3.0556183,2.6337433,2.1024933,1.7743683,1.7743683,1.8837433,1.8368683,1.6806183,1.4306183,1.1806183,0.7899933,0.16499329,-0.2881317,-0.116256714,0.4306183,1.3837433,2.4149933,2.5712433,2.4462433,2.1024933,1.7118683,1.5399933,1.5868683,1.6806183,1.6024933,1.4774933,1.4931183,1.4462433,1.1337433,0.5868683,0.118118286
3.4774933,4.0868683,4.3056183,4.0868683,3.8681183,3.8368683,3.8837433,3.9931183,4.3056183,4.5243683,4.3837433,4.2274933,4.1181183,4.0712433,4.0399933,3.9774933,4.1024933,4.3524933,4.5243683,4.4149933,4.1337433,3.8212433,3.4306183,3.2431183,3.2899933,3.2431183,2.9931183,2.6181183,2.1962433,1.9774933,1.9462433,1.8837433,1.7431183,1.5712433,1.2587433,0.8368683,0.24311829,-0.13188171,-0.22563171,-0.006881714,0.3993683,1.1024933,2.3056183,2.5868683,2.3056183,1.9462433,1.6181183,1.4931183,1.5712433,1.6649933,1.5712433,1.4931183,1.6024933,1.6337433,1.3212433,0.7118683,0.21186829
3.7899933,4.3368683,4.4774933,4.3368683,4.2274933,4.1962433,4.1337433,4.0556183,4.1962433,4.5243683,4.5868683,4.4618683,4.3056183,4.1806183,4.0087433,3.9618683,4.2587433,4.5868683,4.6806183,4.5556183,4.3056183,3.9462433,3.5087433,3.2899933,3.3056183,3.2118683,2.9306183,2.5087433,2.1493683,1.9618683,1.9618683,1.8524933,1.5868683,1.2743683,0.7743683,0.19624329,-0.2568817,-0.2568817,-0.14750671,0.055618286,0.3524933,1.0868683,2.3681183,2.6493683,2.4149933,2.0399933,1.6806183,1.4774933,1.4774933,1.5868683,1.6024933,1.6024933,1.7431183,1.7743683,1.4462433,0.8681183,0.4462433
4.0087433,4.3993683,4.4774933,4.5087433,4.5868683,4.5556183,4.4306183,4.2431183,4.2587433,4.5868683,4.7431183,4.6337433,4.4462433,4.2274933,4.0399933,4.1337433,4.5399933,4.7743683,4.7587433,4.5712433,4.3524933,4.0243683,3.5712433,3.3212433,3.3056183,3.1181183,2.8056183,2.3837433,2.0243683,1.8056183,1.7899933,1.6806183,1.1962433,0.5712433,0.055618286,-0.16313171,-0.2568817,-0.2881317,-0.19438171,0.13374329,0.4618683,1.4618683,2.5243683,2.6649933,2.5087433,2.1181183,1.6962433,1.5243683,1.4618683,1.5868683,1.6962433,1.7431183,1.8212433,1.7743683,1.4618683,1.0556183,0.7431183
4.1962433,4.4149933,4.4618683,4.6181183,4.9149933,4.9306183,4.7431183,4.5243683,4.5087433,4.6962433,4.8212433,4.7274933,4.5243683,4.2431183,4.1024933,4.3837433,4.8212433,4.9774933,4.7743683,4.4931183,4.3056183,4.0399933,3.5712433,3.2743683,3.2899933,3.1181183,2.7587433,2.3056183,1.8993683,1.6493683,1.5243683,1.2899933,0.5868683,-0.16313171,-0.21000671,-0.100631714,-0.14750671,-0.2881317,-0.17875671,0.14936829,0.6024933,1.5556183,2.3993683,2.6181183,2.5243683,2.1024933,1.7274933,1.6337433,1.5399933,1.6024933,1.7899933,1.8524933,1.8212433,1.6806183,1.4462433,1.2743683,1.0087433
4.3681183,4.4774933,4.4774933,4.6649933,5.1493683,5.3056183,5.0712433,4.7899933,4.7274933,4.8368683,4.8681183,4.7743683,4.5556183,4.2587433,4.1806183,4.6337433,5.1181183,5.1649933,4.8056183,4.4306183,4.2431183,4.0243683,3.5556183,3.1337433,3.2118683,3.2743683,2.8837433,2.3524933,1.9149933,1.6649933,1.4462433,1.0087433,0.14936829,-0.4912567,-0.19438171,0.118118286,-0.006881714,-0.22563171,-0.116256714,0.039993286,0.4618683,1.4306183,2.2743683,2.5868683,2.3524933,1.9462433,1.8212433,1.8681183,1.7118683,1.6962433,1.8368683,1.8837433,1.7431183,1.5243683,1.4149933,1.4306183,1.1181183
4.4462433,4.5243683,4.5399933,4.7587433,5.2743683,5.4774933,5.2431183,4.9306183,4.8368683,4.8993683,4.9149933,4.8056183,4.5556183,4.2743683,4.2899933,4.8368683,5.3212433,5.2587433,4.8212433,4.4149933,4.2431183,4.0399933,3.5712433,3.1024933,3.1493683,3.3212433,3.0556183,2.5556183,2.1337433,1.8681183,1.6337433,1.1337433,0.18061829,-0.5693817,-0.17875671,0.19624329,0.102493286,-0.069381714,-0.053756714,-0.038131714,0.3056183,1.3681183,2.4618683,2.6649933,2.1806183,1.7899933,1.8524933,1.9774933,1.8681183,1.8056183,1.8837433,1.8681183,1.6806183,1.4462433,1.3837433,1.4774933,1.0868683
4.4618683,4.5399933,4.6493683,4.9618683,5.3368683,5.4306183,5.2274933,5.0399933,4.9774933,4.9931183,4.9774933,4.8212433,4.5556183,4.3681183,4.5399933,5.0556183,5.4462433,5.3056183,4.8524933,4.4462433,4.2431183,4.0399933,3.6493683,3.2431183,3.1962433,3.3056183,3.1337433,2.8056183,2.4618683,2.1806183,1.8681183,1.3837433,0.4149933,-0.5693817,-0.2881317,0.19624329,0.14936829,0.2587433,0.4931183,0.3368683,0.6493683,1.6337433,2.7587433,2.8837433,2.2587433,1.8368683,1.8368683,1.9774933,1.9931183,1.9306183,1.9306183,1.8524933,1.6493683,1.4462433,1.4462433,1.5399933,1.1181183
4.3837433,4.4931183,4.8056183,5.1649933,5.2743683,5.1806183,5.0868683,5.0712433,5.1337433,5.1649933,5.1024933,4.8837433,4.6181183,4.5868683,4.8212433,5.2431183,5.4462433,5.2431183,4.8524933,4.4931183,4.2274933,4.0243683,3.7899933,3.5712433,3.4931183,3.3993683,3.1806183,2.9774933,2.7743683,2.4149933,2.0556183,1.6806183,0.8837433,-0.22563171,-0.3350067,0.13374329,0.2743683,1.0243683,1.5712433,1.4306183,1.3993683,2.0087433,3.0868683,3.2587433,2.6806183,2.2118683,1.9774933,1.9931183,2.0556183,2.0243683,1.9618683,1.8524933,1.6806183,1.5868683,1.6649933,1.7118683,1.2118683
4.2587433,4.4618683,4.8524933,5.1337433,5.1024933,4.9774933,4.9306183,5.0087433,5.1337433,5.2743683,5.2118683,4.9931183,4.7274933,4.6337433,4.7743683,5.1649933,5.4306183,5.2118683,4.8368683,4.4774933,4.1962433,4.0399933,3.9306183,3.7899933,3.6806183,3.5399933,3.3212433,3.0868683,2.8056183,2.4462433,2.1962433,1.9931183,1.4462433,0.3993683,-0.116256714,0.118118286,0.5868683,1.9306183,2.3524933,2.2118683,2.1024933,2.3837433,3.2899933,3.6024933,3.0556183,2.5243683,2.2274933,2.0712433,2.0712433,2.0712433,2.0087433,1.8837433,1.7743683,1.7743683,1.8837433,1.8368683,1.3212433
4.0868683,4.4149933,4.8056183,4.9774933,4.8837433,4.7899933,4.7743683,4.8368683,5.0556183,5.3368683,5.3368683,5.1181183,4.8368683,4.6493683,4.5868683,4.9149933,5.3837433,5.3056183,4.8524933,4.4462433,4.1806183,4.0712433,3.9774933,3.8056183,3.7118683,3.6649933,3.5243683,3.1806183,2.7118683,2.4149933,2.3837433,2.3524933,1.9462433,1.0243683,0.13374329,0.071243286,0.7743683,2.4931183,2.9931183,2.8212433,2.6337433,2.7274933,3.4306183,3.8993683,3.3993683,2.7743683,2.3993683,2.1493683,2.1024933,2.1337433,2.0712433,1.9306183,1.8524933,1.8993683,1.9931183,1.9149933,1.5087433
3.8993683,4.3056183,4.6493683,4.6806183,4.6024933,4.5556183,4.5868683,4.6493683,4.8368683,5.0712433,5.0556183,5.1024933,4.9618683,4.6181183,4.4306183,4.7118683,5.2899933,5.3212433,4.8368683,4.3681183,4.1181183,3.9774933,3.8056183,3.6962433,3.7743683,3.8212433,3.6493683,3.1493683,2.5712433,2.4149933,2.6181183,2.6337433,2.2431183,1.4462433,0.3993683,0.086868286,0.8837433,2.5243683,3.5243683,3.5243683,3.1962433,3.0243683,3.5399933,4.1962433,3.8212433,3.0399933,2.4931183,2.1962433,2.1806183,2.1962433,2.0243683,1.7587433,1.6806183,1.6962433,1.6024933,1.5399933,1.4774933
3.7587433,4.1806183,4.4306183,4.3993683,4.3212433,4.3681183,4.4618683,4.5712433,4.6649933,3.9306183,3.1493683,4.5399933,4.9618683,4.6181183,4.3681183,4.7118683,5.1649933,5.0868683,4.6181183,4.1962433,3.8993683,3.7118683,3.5868683,3.7118683,3.9306183,3.8837433,3.5712433,2.9774933,2.4774933,2.4931183,2.7743683,2.7274933,2.3212433,1.6337433,0.5868683,0.13374329,0.6962433,1.9774933,3.5399933,3.9931183,3.6024933,3.2587433,3.6493683,4.2899933,3.9462433,3.1962433,2.6649933,2.3056183,2.1962433,2.1024933,1.7431183,1.2587433,1.0712433,0.9462433,0.5243683,0.4931183,0.6493683
3.5868683,3.9931183,4.1649933,4.1024933,4.0556183,4.1962433,4.3837433,4.4774933,4.4618683,3.1181183,1.9931183,4.1337433,4.8837433,4.5556183,4.3056183,4.6806183,4.9462433,4.6962433,4.2899933,3.9149933,3.6024933,3.3368683,3.3368683,3.6962433,3.9774933,3.8368683,3.4149933,2.8212433,2.4931183,2.6337433,2.8368683,2.6806183,2.3056183,1.7587433,0.6806183,0.055618286,0.4931183,1.1806183,2.7587433,4.0399933,3.8368683,3.4149933,3.7274933,4.2431183,3.8524933,3.3368683,2.9931183,2.4774933,2.0868683,1.7587433,1.1649933,0.4618683,0.16499329,-0.022506714,-0.4600067,-0.21000671,0.118118286
3.3681183,3.7431183,3.9149933,3.8212433,3.8368683,4.0712433,4.2899933,4.2587433,4.1493683,3.8524933,3.8212433,4.5868683,4.7118683,4.3368683,4.1337433,4.4462433,4.6493683,4.3681183,4.0087433,3.6649933,3.2899933,2.9931183,3.0399933,3.4306183,3.7587433,3.6806183,3.3993683,2.9774933,2.7743683,2.7899933,2.6962433,2.4149933,2.1806183,1.9462433,1.2743683,0.3212433,0.086868286,0.4462433,1.8681183,3.6337433,3.7899933,3.4618683,3.7743683,4.0868683,3.7587433,3.5399933,3.2274933,2.4931183,1.7274933,1.0868683,0.3056183,-0.4443817,-0.5068817,-0.2881317,-0.5068817,-0.3506317,0.102493286
3.1493683,3.5087433,3.6962433,3.6649933,3.6806183,3.9149933,4.1024933,4.0243683,3.9306183,3.9306183,4.3056183,4.6337433,4.5399933,4.1806183,3.9306183,4.1806183,4.4931183,4.3056183,3.9774933,3.5868683,3.1649933,2.8524933,2.8524933,3.1493683,3.3993683,3.4931183,3.5712433,3.4306183,3.1181183,2.8056183,2.4149933,2.0712433,2.0556183,2.0556183,1.6181183,0.4306183,-0.16313171,0.21186829,1.2431183,3.0087433,3.6649933,3.5399933,3.8524933,3.9931183,3.6493683,3.6024933,3.1649933,2.3056183,1.3212433,0.4462433,-0.3506317,-1.0225067,-0.8037567,-0.2881317,-0.2568817,-0.16313171,0.24311829
2.8837433,3.1962433,3.4306183,3.5243683,3.5243683,3.6962433,3.8368683,3.8212433,3.7274933,3.6962433,3.7118683,3.9618683,4.2899933,4.0868683,3.8212433,4.0243683,4.3993683,4.2899933,4.0087433,3.6024933,3.1806183,2.8368683,2.7899933,2.8993683,2.9774933,3.2274933,3.7431183,3.8056183,3.3056183,2.7118683,2.0868683,1.7899933,1.9306183,1.8681183,1.1962433,0.24311829,-0.2881317,0.008743286,0.8212433,2.3368683,3.4774933,3.6806183,4.0087433,3.8837433,3.4931183,3.4774933,2.9774933,2.0556183,0.9618683,-0.13188171,-1.1006317,-1.7100067,-1.0381317,-0.3975067,-0.21000671,0.086868286,0.3837433
2.5556183,2.8368683,3.1024933,3.2899933,3.3368683,3.4306183,3.5556183,3.5399933,3.4462433,3.2743683,2.0556183,2.2274933,3.8837433,4.0087433,3.7899933,3.9306183,4.2274933,4.2118683,3.9931183,3.6337433,3.2431183,2.9462433,2.7899933,2.7274933,2.6181183,2.9306183,3.7118683,3.8993683,3.2743683,2.5087433,1.7899933,1.6181183,1.8681183,1.4774933,0.3681183,-0.100631714,-0.17875671,-0.17875671,0.5243683,1.5712433,3.2118683,3.8212433,3.9462433,3.5712433,3.2743683,3.1181183,2.5868683,1.7743683,0.6024933,-0.7568817,-1.9131317,-1.8350067,-0.7100067,-0.3818817,-0.069381714,0.4149933,0.5712433
2.3524933,2.5712433,2.8056183,3.0243683,3.1649933,3.2431183,3.2899933,3.2431183,3.1806183,3.0556183,2.3056183,2.3524933,3.6806183,3.9774933,3.8212433,3.8212433,4.0087433,4.0399933,3.8681183,3.6024933,3.3368683,3.0712433,2.8993683,2.7431183,2.5399933,2.7743683,3.5243683,3.7118683,3.0556183,2.2274933,1.6337433,1.6806183,1.9931183,1.7431183,0.5868683,-0.085006714,-0.2568817,-0.22563171,0.5399933,1.4931183,3.0556183,3.6181183,3.5556183,3.2587433,3.0868683,2.7587433,2.1493683,1.3993683,0.21186829,-1.1475067,-2.0068817,-1.3037567,-0.2725067,-0.19438171,0.008743286,0.086868286,0.024368286
2.2587433,2.3837433,2.5556183,2.7587433,2.9306183,3.0399933,3.0243683,2.9462433,2.9149933,2.8837433,2.5868683,1.7587433,2.8681183,3.9774933,3.8837433,3.7431183,3.7743683,3.7431183,3.6337433,3.4931183,3.3837433,3.2118683,3.0712433,2.9149933,2.6649933,2.7587433,3.2743683,3.3837433,2.7587433,2.0243683,1.6649933,1.8837433,2.1806183,1.6806183,0.4618683,-0.19438171,-0.4443817,-0.100631714,0.7431183,1.1024933,1.8993683,2.8056183,3.0243683,2.9774933,2.8681183,2.3681183,1.6024933,0.7431183,-0.4287567,-1.2256317,-1.3037567,-0.5850067,0.071243286,0.118118286,0.024368286,-0.19438171,-0.3506317
2.1962433,2.2587433,2.3681183,2.5087433,2.6806183,2.7899933,2.7743683,2.7274933,2.7274933,2.7274933,2.2899933,1.0556183,2.3368683,3.9306183,3.9462433,3.6806183,3.5399933,3.4306183,3.3056183,3.3056183,3.3524933,3.3212433,3.2431183,3.1181183,2.8993683,2.8056183,3.0087433,3.0556183,2.6337433,2.1024933,1.8524933,2.0556183,2.1806183,1.3681183,-0.022506714,-0.5693817,-0.5537567,0.16499329,1.1649933,0.9618683,0.8368683,1.8212433,2.4462433,2.5556183,2.3681183,1.6024933,0.5868683,-0.3037567,-0.7568817,-0.6006317,-0.3037567,0.13374329,0.22749329,0.086868286,-0.22563171,-0.4756317,-0.3975067
2.1337433,2.1493683,2.2274933,2.3681183,2.5243683,2.6181183,2.6493683,2.6493683,2.6806183,2.6806183,2.2431183,1.1493683,2.4149933,3.9774933,3.9774933,3.6181183,3.4149933,3.2587433,3.1337433,3.1493683,3.2274933,3.3056183,3.3056183,3.2431183,3.0712433,2.8837433,2.8524933,2.8837433,2.6806183,2.2743683,2.0087433,2.0712433,2.0399933,1.2587433,0.008743286,-0.5068817,-0.3818817,0.3524933,1.2118683,0.7743683,0.5087433,1.3681183,2.0868683,2.1493683,1.4774933,0.4931183,-0.24125671,-0.6318817,-0.5693817,-0.24125671,0.039993286,0.4306183,0.19624329,-0.21000671,-0.4287567,-0.4600067,-0.2568817
2.0087433,2.0243683,2.1181183,2.2743683,2.3993683,2.4931183,2.5868683,2.6181183,2.6649933,2.6493683,2.4306183,1.9774933,2.5399933,3.6649933,3.8681183,3.5712433,3.3524933,3.2587433,3.1493683,3.0556183,3.0712433,3.1649933,3.2587433,3.2899933,3.1962433,2.9306183,2.7274933,2.7118683,2.6649933,2.3681183,2.0556183,1.9618683,1.7118683,0.8993683,0.055618286,-0.14750671,-0.085006714,0.6493683,1.2587433,0.5399933,0.2899933,1.1649933,1.8837433,1.8681183,0.8524933,-0.16313171,-0.4131317,-0.3975067,-0.2725067,0.071243286,0.19624329,0.13374329,-0.085006714,-0.3037567,-0.4131317,-0.2725067,-0.022506714
1.8212433,1.8837433,1.9931183,2.1337433,2.2431183,2.3524933,2.5087433,2.6181183,2.6493683,2.5712433,2.3681183,1.9774933,1.2587433,2.6806183,3.5712433,3.5243683,3.3837433,3.4149933,3.3212433,3.1024933,2.9618683,2.9774933,3.1024933,3.2274933,3.1806183,2.8524933,2.5399933,2.4618683,2.4618683,2.2743683,1.9618683,1.5399933,0.8993683,0.039993286,-0.085006714,0.18061829,0.21186829,0.4931183,0.6962433,0.102493286,0.102493286,0.9931183,1.6806183,1.5868683,0.6337433,-0.22563171,-0.2568817,-0.13188171,0.039993286,0.18061829,0.2899933,-0.006881714,-0.2881317,-0.3818817,-0.4131317,-0.2568817,-0.14750671
1.6024933,1.7118683,1.8368683,1.9774933,2.1024933,2.2118683,2.4149933,2.5868683,2.6337433,2.4618683,2.1806183,1.8993683,1.6024933,2.7743683,3.4618683,3.4462433,3.4149933,3.5712433,3.5087433,3.2118683,2.9774933,2.8837433,2.9462433,3.0399933,2.9618683,2.6181183,2.3368683,2.2587433,2.2431183,2.0712433,1.6962433,1.0399933,-0.006881714,-0.6631317,-0.2568817,0.2743683,0.5556183,0.4931183,0.3212433,-0.085006714,-0.022506714,0.5087433,0.9306183,0.7274933,0.14936829,-0.24125671,-0.16313171,0.024368286,0.2899933,0.5243683,0.5712433,0.24311829,-0.16313171,-0.2881317,-0.3193817,-0.3818817,-0.3506317
