leaflet-velocity-master/demo/----wind-global.json
{"header": { "discipline":0, "gribEdition":2, "gribLength":60781, "center":34, "subcenter":0, "refTime":"2021-04-18T00:00:00.000Z", "significanceOfRT":1, "productStatus":0, "productType":1, "productDefinitionTemplate":0, "parameterCategory":2, "parameterNumber":3, "parameterUnit":"m.s-1", "genProcessType":1, "forecastTime":0, "surface1Type":103, "surface1Value":10.0, "surface2Type":255, "surface2Value":-9.999E-252, "gridDefinitionTemplate":0, "numberPoints":40401, "shape":6, "gridUnits":"degrees", "resolution":48, "winds":"true", "scanMode":64, "nx":201, "ny":201, "basicAngle":0, "lo1":90.0, "la1":-5.0, "lo2":140.0, "la2":45.0, "dx":0.25, "dy":0.25 }, "data":
[rows 156 to 181 of 201, columns 0 to 58 of 201]
5.25428,5.78553,6.00428,5.94178,5.176155,4.582405,4.69178,5.00428,5.06678,4.75428,4.644905,4.926155,4.84803,4.25428,3.28553,3.44178,4.551155,5.47303,5.988655,6.03553,5.613655,4.91053,3.94178,3.25428,3.082405,2.44178,1.8949051,2.41053,3.144905,2.69178,1.9730301,1.7074051,1.5042801,1.3636551,1.5042801,1.4105301,1.1292801,0.8324051,0.6917801,1.0199051,1.6449051,2.113655,2.207405,2.06678,1.8792801,1.5667801,0.8636551,0.3324051,0.08240509,0.2855301,0.7699051,1.0824051,0.9574051,0.4417801,-0.13634491,-0.19884491,0.12928009,0.20740509,0.4105301
5.332405,6.519905,6.832405,6.301155,5.426155,4.457405,3.97303,4.16053,4.519905,4.69178,4.50428,4.207405,3.832405,3.269905,2.769905,3.457405,4.394905,5.113655,5.144905,4.863655,4.87928,4.44178,3.769905,3.87928,4.207405,3.582405,2.97303,3.551155,4.25428,4.363655,3.863655,3.44178,3.332405,2.87928,2.207405,1.2230301,0.6605301,0.5355301,0.8324051,1.4886551,2.082405,2.34803,2.457405,2.488655,2.363655,2.113655,1.5824051,1.0980301,0.9105301,0.9886551,1.1917801,1.2230301,0.8324051,0.3949051,0.06678009,0.3324051,0.7386551,0.7542801,0.9417801
3.97303,4.53553,4.926155,5.113655,5.06678,4.738655,4.488655,4.59803,4.738655,4.94178,4.97303,4.94178,4.84803,4.50428,3.72303,3.06678,2.94178,3.301155,3.28553,3.25428,3.34803,2.926155,3.12928,4.176155,4.801155,4.551155,4.31678,4.62928,4.78553,4.551155,3.81678,3.09803,2.832405,2.519905,1.9417801,1.1136551,0.6605301,0.5511551,0.9105301,1.6136551,2.082405,2.19178,2.16053,2.00428,1.6917801,1.5199051,1.4574051,1.2074051,0.8636551,0.8167801,1.0980301,1.3167801,1.0824051,0.8949051,0.9886551,1.0199051,0.7855301,1.1292801,1.5824051
4.332405,3.91053,3.957405,4.613655,5.582405,6.12928,6.051155,6.019905,5.988655,6.019905,6.00428,6.051155,5.69178,4.863655,3.832405,3.12928,2.91053,2.332405,1.7230301,1.9886551,3.12928,3.87928,4.113655,4.644905,5.144905,5.12928,4.863655,4.59803,4.25428,3.738655,2.957405,2.28553,1.8949051,1.9730301,2.34803,2.12928,1.7386551,1.6449051,1.4886551,1.3949051,1.7542801,2.12928,1.9105301,1.5667801,1.4574051,1.2855301,1.0667801,0.7855301,0.3167801,0.14490509,0.3011551,0.3792801,-0.02696991,-0.4175949,0.09803009,0.7699051,0.7386551,0.8949051,0.9261551
4.84803,4.66053,4.582405,5.00428,5.78553,6.22303,6.41053,6.75428,7.019905,6.84803,6.37928,6.00428,5.62928,5.269905,4.832405,4.19178,3.894905,2.832405,1.8011551,2.47303,4.176155,5.301155,5.47303,5.56678,5.50428,4.97303,4.051155,3.44178,3.519905,3.457405,2.84803,2.144905,1.8011551,2.03553,2.66053,2.738655,2.47303,2.269905,1.9417801,1.5824051,1.8167801,2.207405,2.144905,2.00428,1.9105301,1.1605301,0.5355301,0.7386551,0.9261551,0.8480301,0.8167801,0.7386551,0.6761551,0.5355301,0.7699051,1.7699051,1.7386551,0.9417801,0.4574051
3.957405,4.12928,4.457405,5.176155,5.769905,6.019905,6.37928,6.644905,6.738655,6.66053,6.37928,6.144905,6.082405,5.738655,4.957405,3.769905,3.238655,2.519905,2.176155,3.144905,4.66053,5.34803,5.551155,5.488655,5.16053,4.84803,4.12928,3.738655,4.238655,4.37928,3.644905,2.62928,2.113655,1.9417801,1.9261551,2.12928,1.9261551,1.0199051,0.7230301,1.1136551,1.7074051,1.8167801,1.6917801,1.9105301,2.019905,1.7074051,1.2386551,1.1917801,1.6605301,1.4105301,0.8011551,1.1761551,2.19178,2.332405,1.7230301,1.6449051,1.2855301,0.9261551,1.0980301
3.394905,4.113655,4.69178,5.613655,6.41053,6.863655,7.082405,7.16053,7.019905,6.78553,6.44178,5.769905,5.238655,4.551155,4.051155,4.31678,4.613655,4.051155,3.488655,3.66053,4.582405,4.551155,4.22303,4.019905,3.988655,4.16053,3.84803,3.113655,2.91053,3.06678,3.19178,2.87928,2.769905,2.676155,2.34803,2.47303,2.56678,1.5511551,0.8949051,0.9730301,1.1917801,1.6917801,2.03553,2.113655,2.00428,2.09803,2.00428,1.6605301,2.12928,2.238655,1.3792801,1.1605301,1.6605301,1.5511551,0.7386551,0.08240509,0.3011551,1.0980301,1.8167801
1.1605301,3.37928,5.00428,6.09803,7.207405,7.78553,7.207405,6.269905,5.207405,5.00428,5.62928,5.56678,5.519905,4.87928,3.87928,4.00428,3.66053,2.644905,2.50428,2.957405,2.832405,2.394905,2.47303,3.394905,3.738655,3.051155,2.81678,2.75428,3.00428,3.582405,4.457405,4.676155,4.019905,3.22303,2.644905,2.31678,2.44178,2.176155,1.5042801,1.2074051,1.2230301,1.8324051,2.41053,2.50428,2.37928,2.488655,2.31678,1.6917801,1.7386551,2.176155,1.8480301,1.0824051,0.4574051,0.08240509,0.03553009,0.11365509,0.5042801,0.7699051,1.2230301
-1.1675949,0.16053009,2.37928,4.56678,6.50428,6.207405,4.47303,2.97303,0.5824051,-0.24571991,1.8636551,4.44178,5.301155,3.87928,1.7074051,0.7542801,0.3792801,0.12928009,0.9105301,2.62928,2.69178,2.457405,3.363655,4.50428,3.91053,3.19178,3.75428,3.894905,4.09803,4.87928,5.66053,5.41053,4.25428,3.06678,2.332405,2.176155,2.394905,2.301155,1.7542801,1.6136551,1.4417801,1.0355301,0.7699051,0.6917801,0.4730301,0.14490509,0.2699051,0.3792801,-0.3394699,-0.8082199,-0.4019699,0.08240509,0.12928009,0.2699051,0.5980301,0.8011551,0.7074051,0.5042801,0.8949051
-2.917595,-4.40197,-3.40197,-0.7613449,1.2230301,-0.07384491,-1.7769699,-1.8238449,-2.33947,-2.58947,-1.9488449,-0.7457199,-0.24571991,-0.5113449,-0.7300949,-0.16759491,0.4574051,0.5980301,1.2542801,2.75428,3.06678,3.113655,4.09803,4.87928,4.551155,4.238655,4.176155,3.582405,2.957405,2.50428,1.8636551,1.6917801,2.051155,2.394905,2.488655,2.488655,2.394905,2.519905,2.22303,1.2230301,-0.08946991,-0.8238449,-1.2144699,-1.3394699,-1.0269699,-0.9800949,-0.7613449,-0.15196991,0.0042800903,0.4261551,0.7699051,0.6292801,0.20740509,-0.05821991,0.01990509,-0.02696991,0.16053009,0.6136551,1.0511551
-2.74572,-4.65197,-4.980095,-3.90197,-2.948845,-2.917595,-2.96447,-2.08947,-1.3863449,-1.3082199,-1.6363449,-1.8550949,-1.5582199,-0.5738449,0.5355301,1.1292801,1.2542801,1.1917801,1.1917801,1.0511551,0.9105301,0.9105301,1.4105301,2.22303,2.582405,1.9886551,0.4417801,-1.2925949,-2.073845,-1.8394699,-1.6519699,-1.3707199,-0.4488449,1.0199051,1.9105301,1.9105301,1.4574051,0.5667801,-0.4644699,-0.9332199,-0.4019699,0.5824051,1.2230301,1.0042801,0.9417801,1.1292801,1.0355301,0.9574051,0.6917801,-0.08946991,-0.8394699,-1.1207199,-1.2925949,-1.2613449,-1.0113449,-0.6050949,0.0042800903,0.4417801,0.7855301
-1.7613449,-2.68322,-2.980095,-2.33947,-1.8707199,-1.6363449,-1.7925949,-1.8550949,-2.37072,-2.52697,-2.08947,-1.3707199,-0.24571991,0.6292801,0.8167801,0.19178009,-0.3863449,-0.4332199,-0.12071991,0.06678009,0.12928009,-0.04259491,-0.08946991,-0.24571991,-0.8082199,-1.8082199,-2.948845,-3.417595,-3.12072,-2.62072,-2.386345,-2.261345,-1.3394699,0.14490509,0.8011551,0.16053009,-0.9644699,-1.6363449,-1.1675949,-0.19884491,0.3636551,0.8636551,1.4574051,1.2699051,0.6449051,-0.08946991,-0.6363449,-0.8707199,-1.1050949,-1.4175949,-1.6050949,-1.7613449,-1.8082199,-1.7144699,-1.4488449,-0.4332199,0.6917801,0.9886551,0.9574051
-0.8550949,-0.6675949,-0.9332199,-0.6519699,-0.9019699,-1.8394699,-3.105095,-3.49572,-3.448845,-2.886345,-2.02697,-1.6363449,-1.0582199,-0.6988449,-0.6988449,-1.0425949,-0.8550949,-0.21446991,0.3636551,0.5980301,0.11365509,-0.8863449,-2.05822,-3.323845,-4.33947,-4.65197,-4.05822,-3.43322,-2.386345,-1.3707199,-1.0425949,-1.1988449,-1.5425949,-2.02697,-2.073845,-1.8707199,-1.5269699,-0.6675949,-0.18321991,-0.4019699,-0.6050949,-0.4644699,-0.5425949,-0.7300949,-0.8082199,-0.9800949,-1.5582199,-1.6832199,-0.9175949,-0.3707199,-0.7613449,-1.0582199,-1.1675949,-1.1363449,-0.4019699,0.7074051,1.7699051,2.269905,2.41053
-1.1988449,-0.3707199,-1.2769699,-2.105095,-2.448845,-2.52697,-2.730095,-2.80822,-2.80822,-2.93322,-2.917595,-2.823845,-2.261345,-1.5582199,-1.2613449,-1.4175949,-1.1050949,-0.4175949,-0.4019699,-1.2457199,-2.605095,-3.480095,-3.855095,-3.93322,-3.511345,-3.02697,-3.167595,-3.62072,-3.542595,-3.05822,-2.730095,-2.40197,-2.198845,-1.8707199,-1.0113449,-0.2613449,-0.3707199,-0.6519699,-1.1519699,-1.6675949,-1.8082199,-1.3863449,-0.9019699,-0.4488449,-0.10509491,-0.15196991,-0.9332199,-1.2144699,-0.9644699,-0.4488449,0.6449051,2.09803,2.56678,2.269905,2.176155,1.7699051,1.4261551,1.8167801,2.113655
-2.698845,-1.9488449,-2.198845,-2.71447,-2.261345,-1.3082199,-0.5738449,-0.4019699,-1.0894699,-2.261345,-3.37072,-3.636345,-3.011345,-2.261345,-2.12072,-2.605095,-2.480095,-1.8394699,-1.4488449,-1.6832199,-2.37072,-2.87072,-3.198845,-3.27697,-2.68322,-2.011345,-2.68322,-3.37072,-2.792595,-2.042595,-2.105095,-1.7769699,-1.0269699,-0.5894699,-0.2769699,-0.3863449,-1.0425949,-1.3238449,-1.2144699,-0.9957199,-0.8238449,-0.4957199,0.20740509,0.9730301,1.0667801,0.22303009,-0.4175949,0.17615509,0.7542801,1.1605301,2.06678,3.363655,3.91053,3.47303,2.832405,2.113655,1.5511551,1.9261551,1.8480301
-2.52697,-2.40197,-1.9175949,-0.9800949,0.4105301,1.2230301,1.1605301,0.7542801,-0.2769699,-1.9800949,-3.855095,-4.80822,-4.667595,-4.12072,-3.87072,-4.18322,-3.917595,-2.792595,-1.5582199,-0.8550949,-1.1832199,-1.8082199,-1.8082199,-2.12072,-2.480095,-1.9488449,-1.4175949,-0.8394699,0.11365509,0.6761551,0.6292801,0.9417801,1.1449051,0.4730301,-0.10509491,-0.13634491,0.01990509,0.05115509,0.4886551,0.8167801,0.8011551,0.9886551,1.1917801,1.2542801,1.0980301,1.3011551,2.488655,3.78553,3.988655,3.16053,2.301155,2.12928,2.12928,1.8636551,1.5980301,1.6136551,1.9886551,2.81678,2.613655
-1.7457199,-0.8863449,0.3480301,0.9574051,0.8949051,0.3636551,-0.3550949,-1.1050949,-2.167595,-3.698845,-5.18322,-5.87072,-5.77697,-5.167595,-4.58947,-4.480095,-4.355095,-3.667595,-3.02697,-2.542595,-1.8550949,-0.9488449,-0.08946991,-0.5269699,-1.4175949,-1.1050949,-0.3394699,0.09803009,0.4730301,0.8792801,1.1761551,1.0355301,0.8480301,0.5511551,0.4261551,0.5824051,0.8792801,0.9417801,1.1136551,1.1761551,1.2386551,1.3324051,1.3167801,1.7699051,2.59803,3.519905,3.926155,3.582405,3.25428,2.56678,1.3011551,0.6917801,0.9105301,1.0511551,0.9261551,1.0824051,1.8011551,2.457405,2.426155
-1.9800949,-1.7613449,-1.1832199,-1.3238449,-1.7144699,-1.4332199,-1.3394699,-2.167595,-3.71447,-5.386345,-6.21447,-5.823845,-5.18322,-4.27697,-3.52697,-4.08947,-4.99572,-4.823845,-3.96447,-3.167595,-2.073845,-1.0269699,-0.5113449,-0.2769699,0.01990509,0.4574051,0.6292801,0.4417801,0.3636551,0.4417801,0.3324051,0.3167801,0.6136551,0.8480301,1.0042801,1.0511551,0.9417801,0.8324051,0.9261551,1.1292801,1.3167801,1.3636551,1.7699051,2.832405,3.769905,3.519905,2.832405,2.238655,1.7855301,1.3167801,0.5511551,0.14490509,0.3167801,0.4105301,0.4574051,0.7699051,1.3324051,1.6449051,1.8324051
-0.6832199,-2.042595,-2.12072,-2.261345,-2.698845,-2.74572,-2.96447,-3.417595,-4.74572,-6.448845,-6.761345,-5.62072,-4.33947,-3.167595,-2.573845,-3.230095,-3.855095,-3.167595,-1.9957199,-1.3707199,-0.8863449,-0.5269699,-0.5425949,-0.5425949,-0.3394699,0.09803009,0.3480301,0.11365509,-0.15196991,-0.12071991,-0.04259491,0.14490509,0.5042801,0.8636551,1.1292801,1.0667801,0.8011551,0.6449051,0.7542801,1.2386551,1.9261551,2.832405,3.59803,3.72303,3.394905,2.84803,1.7699051,0.7542801,0.5042801,0.6292801,0.3324051,-0.21446991,-0.4019699,-0.3550949,-0.07384491,0.6917801,1.2855301,1.5042801,1.7699051
-1.6832199,-1.3707199,-1.0425949,-1.5425949,-2.448845,-3.636345,-4.08947,-3.855095,-4.65197,-5.96447,-5.948845,-5.30822,-4.542595,-3.198845,-2.323845,-1.8394699,-0.8238449,0.3792801,0.7074051,0.5667801,0.3324051,-0.2613449,-0.6519699,-0.6988449,-0.4488449,-0.07384491,0.09803009,-0.07384491,-0.5269699,-0.7300949,-0.5894699,-0.3550949,0.06678009,0.4261551,0.4574051,0.3636551,0.20740509,0.3167801,1.1449051,2.051155,2.363655,2.707405,2.25428,0.8324051,0.22303009,1.2542801,2.03553,1.8636551,1.2542801,0.14490509,-0.7144699,-1.0582199,-1.2457199,-1.1832199,-0.7613449,0.17615509,1.1136551,1.6917801,2.113655
0.3167801,0.3636551,0.4886551,0.2855301,-0.4800949,-1.5269699,-2.167595,-2.761345,-3.073845,-2.730095,-2.71447,-3.49572,-4.18322,-3.90197,-2.886345,-2.073845,-2.073845,-1.6675949,-2.02697,-2.52697,-2.65197,-1.9957199,-1.3238449,-1.0113449,-0.8394699,-0.6675949,-0.5738449,-0.4019699,-0.4488449,-0.7457199,-0.6675949,-0.3082199,-0.19884491,-0.2613449,-0.3082199,-0.2613449,-0.2925949,0.5042801,2.019905,2.69178,2.31678,1.5355301,0.3636551,-0.4488449,-0.13634491,1.2074051,1.8636551,1.0824051,-0.23009491,-1.2457199,-1.3550949,-1.1519699,-1.3707199,-1.4957199,-1.1988449,-0.5894699,0.4730301,1.5824051,2.238655
4.03553,3.12928,2.94178,3.519905,3.78553,3.457405,2.94178,2.59803,2.769905,3.06678,2.394905,0.7230301,-0.7925949,-1.7769699,-2.18322,-1.9488449,-1.9644699,-2.40197,-3.18322,-2.80822,-2.073845,-1.6988449,-1.2457199,-1.0738449,-1.1832199,-1.4332199,-1.3394699,-0.7457199,-0.4175949,-0.7457199,-1.0113449,-0.5894699,-0.5738449,-0.8082199,-0.5425949,0.3167801,1.4105301,2.363655,3.176155,2.94178,1.7230301,0.7074051,0.5824051,1.0355301,1.3480301,1.2542801,0.9261551,0.7386551,0.5824051,0.6136551,0.4574051,-0.10509491,-0.5269699,-0.6988449,-0.7613449,-0.6519699,-0.04259491,0.9574051,1.6136551
3.91053,3.66053,3.707405,4.28553,4.676155,4.62928,4.613655,4.78553,4.81678,4.62928,4.31678,3.957405,3.582405,2.988655,2.06678,2.269905,3.176155,2.519905,1.3480301,1.4730301,1.2230301,-0.15196991,-0.7925949,-0.3238449,0.09803009,-0.9175949,-1.3550949,-0.05821991,0.6917801,-0.24571991,-1.0269699,-0.12071991,0.4105301,1.0199051,2.426155,3.16053,2.644905,1.5355301,0.8949051,0.3636551,-0.3863449,0.05115509,1.1605301,1.6449051,1.7230301,1.6917801,1.9105301,2.488655,2.62928,2.426155,1.0199051,-0.9332199,-1.6832199,-1.5425949,-1.2613449,-1.0425949,-0.7144699,-0.16759491,0.08240509
-0.3238449,0.14490509,0.8636551,1.8949051,2.75428,3.176155,3.426155,3.69178,3.863655,3.94178,4.09803,4.19178,4.082405,3.957405,3.87928,4.113655,4.363655,4.082405,3.94178,3.94178,3.25428,1.3480301,0.01990509,1.0980301,2.519905,1.5511551,1.0511551,2.31678,2.457405,1.3324051,1.0355301,1.9105301,2.238655,2.207405,1.9261551,1.3949051,0.9105301,0.4886551,0.23865509,0.4105301,0.8636551,1.4574051,1.8324051,1.8011551,1.6136551,1.6136551,1.7542801,2.051155,2.47303,2.47303,1.4417801,0.22303009,-0.9332199,-1.7613449,-1.9488449,-1.7613449,-1.3082199,-0.7457199,-0.4644699
-2.573845,-2.573845,-2.011345,-0.9019699,0.5980301,1.8480301,2.50428,2.832405,3.00428,3.00428,3.00428,3.12928,3.06678,2.894905,3.06678,3.238655,3.19178,3.238655,3.56678,3.84803,3.81678,3.457405,3.144905,3.519905,3.84803,3.176155,2.56678,2.801155,2.91053,2.69178,2.551155,2.644905,2.457405,1.8011551,1.0355301,0.8324051,0.9574051,1.2542801,1.6136551,1.9105301,1.8949051,1.5824051,1.1761551,1.0511551,1.2386551,1.5824051,2.051155,2.56678,2.87928,2.78553,2.144905,1.7542801,1.5355301,1.0667801,0.4730301,-0.08946991,-0.3550949,0.19178009,1.0199051
-2.886345,-3.198845,-3.18322,-2.730095,-1.7300949,-0.7144699,-0.6207199,-0.6988449,-0.2925949,0.14490509,0.4417801,0.5199051,0.2855301,0.05115509,-0.18321991,-0.3238449,-0.01134491,0.7386551,1.3480301,1.5199051,1.7699051,2.113655,2.34803,2.332405,2.28553,2.28553,2.19178,2.28553,2.12928,1.3480301,0.6449051,0.6917801,0.6917801,0.14490509,-0.9175949,-1.4644699,-1.6363449,-1.2769699,-0.07384491,1.2230301,2.051155,1.9574051,1.7855301,1.8949051,2.207405,2.613655,3.19178,3.50428,3.238655,2.676155,1.8324051,1.5199051,1.8949051,2.269905,2.34803,2.12928,1.7230301,1.8480301,2.051155
