leaflet-velocity-master/demo/----wind-global.json
{"header": { "discipline":0, "gribEdition":2, "gribLength":60781, "center":34, "subcenter":0, "refTime":"2021-04-18T00:00:00.000Z", "significanceOfRT":1, "productStatus":0, "productType":1, "productDefinitionTemplate":0, "parameterCategory":2, "parameterNumber":3, "parameterUnit":"m.s-1", "genProcessType":1, "forecastTime":0, "surface1Type":103, "surface1Value":10.0, "surface2Type":255, "surface2Value":-9.999E-252, "gridDefinitionTemplate":0, "numberPoints":40401, "shape":6, "gridUnits":"degrees", "resolution":48, "winds":"true", "scanMode":64, "nx":201, "ny":201, "basicAngle":0, "lo1":90.0, "la1":-5.0, "lo2":140.0, "la2":45.0, "dx":0.25, "dy":0.25 }, "data":
[rows 104 to 129 of 201, columns 118 to 176 of 201]
-4.74572,-5.68322,-6.730095,-7.667595,-8.37072,-8.99572,-9.49572,-9.80822,-9.93322,-9.917595,-9.917595,-9.96447,-10.042595,-10.08947,-10.136345,-10.198845,-10.230095,-10.27697,-10.30822,-10.355095,-10.43322,-10.511345,-10.573845,-10.605095,-10.636345,-10.62072,-10.636345,-10.667595,-10.71447,-10.65197,-10.448845,-10.042595,-9.448845,-8.80822,-8.30822,-7.99572,-7.99572,-8.15197,-8.355095,-8.49572,-8.58947,-8.636345,-8.68322,-8.667595,-8.573845,-8.49572,-8.37072,-8.167595,-7.96447,-7.74572,-7.46447,-7.18322,-6.917595,-6.636345,-6.33947,-6.08947,-5.792595,-5.46447,-5.073845
-4.198845,-5.261345,-6.62072,-7.855095,-8.77697,-9.52697,-9.917595,-10.105095,-10.198845,-10.08947,-10.011345,-9.980095,-9.980095,-9.99572,-9.99572,-9.980095,-9.99572,-10.05822,-10.105095,-10.198845,-10.292595,-10.40197,-10.511345,-10.605095,-10.65197,-10.636345,-10.58947,-10.542595,-10.542595,-10.58947,-10.58947,-10.511345,-10.27697,-9.87072,-9.37072,-8.80822,-8.386345,-8.136345,-8.12072,-8.198845,-8.323845,-8.417595,-8.46447,-8.46447,-8.448845,-8.480095,-8.43322,-8.323845,-8.167595,-8.011345,-7.77697,-7.49572,-7.230095,-6.90197,-6.573845,-6.30822,-6.02697,-5.730095,-5.448845
-3.198845,-4.21447,-5.667595,-7.386345,-8.96447,-10.49572,-10.99572,-10.83947,-10.636345,-10.46447,-10.198845,-10.05822,-9.980095,-9.93322,-9.93322,-9.80822,-9.730095,-9.68322,-9.730095,-9.80822,-9.948845,-10.12072,-10.30822,-10.511345,-10.667595,-10.74572,-10.74572,-10.65197,-10.55822,-10.46447,-10.417595,-10.386345,-10.355095,-10.292595,-10.167595,-9.90197,-9.511345,-9.08947,-8.667595,-8.40197,-8.27697,-8.230095,-8.24572,-8.24572,-8.198845,-8.230095,-8.261345,-8.24572,-8.167595,-8.042595,-7.90197,-7.74572,-7.55822,-7.261345,-6.93322,-6.636345,-6.323845,-6.042595,-5.792595
-2.18322,-2.948845,-4.21447,-5.77697,-7.480095,-10.12072,-12.49572,-11.917595,-11.37072,-11.011345,-10.62072,-10.323845,-10.073845,-9.99572,-9.93322,-9.823845,-9.68322,-9.55822,-9.511345,-9.52697,-9.62072,-9.792595,-10.011345,-10.261345,-10.511345,-10.698845,-10.80822,-10.83947,-10.77697,-10.65197,-10.480095,-10.323845,-10.18322,-10.073845,-10.042595,-10.011345,-9.93322,-9.761345,-9.511345,-9.198845,-8.83947,-8.49572,-8.27697,-8.18322,-8.12072,-8.105095,-8.08947,-8.042595,-7.948845,-7.855095,-7.761345,-7.68322,-7.636345,-7.49572,-7.27697,-7.042595,-6.761345,-6.49572,-6.261345
-0.7613449,-1.5425949,-2.667595,-3.77697,-4.105095,-6.198845,-13.011345,-13.230095,-12.21447,-11.58947,-11.15197,-10.667595,-10.30822,-10.15197,-10.042595,-9.93322,-9.80822,-9.65197,-9.49572,-9.43322,-9.40197,-9.542595,-9.71447,-9.96447,-10.21447,-10.46447,-10.68322,-10.823845,-10.886345,-10.87072,-10.74572,-10.573845,-10.323845,-10.073845,-9.886345,-9.77697,-9.730095,-9.74572,-9.74572,-9.667595,-9.448845,-9.167595,-8.792595,-8.52697,-8.292595,-8.15197,-8.05822,-7.93322,-7.792595,-7.667595,-7.542595,-7.480095,-7.480095,-7.511345,-7.49572,-7.417595,-7.292595,-7.105095,-6.90197
0.8636551,0.6917801,-0.6519699,-1.9488449,-1.9332199,-3.292595,-11.448845,-13.83947,-13.042595,-12.02697,-11.52697,-10.96447,-10.49572,-10.30822,-10.21447,-10.08947,-9.99572,-9.823845,-9.698845,-9.55822,-9.46447,-9.46447,-9.52697,-9.698845,-9.917595,-10.08947,-10.33947,-10.542595,-10.71447,-10.87072,-10.90197,-10.855095,-10.698845,-10.448845,-10.21447,-9.96447,-9.77697,-9.636345,-9.58947,-9.55822,-9.52697,-9.511345,-9.386345,-9.18322,-8.917595,-8.65197,-8.40197,-8.15197,-7.917595,-7.71447,-7.49572,-7.323845,-7.30822,-7.37072,-7.448845,-7.52697,-7.58947,-7.62072,-7.55822
0.6292801,2.082405,1.4886551,-0.15196991,-0.7457199,-1.0738449,-6.761345,-12.261345,-13.355095,-12.21447,-11.511345,-11.073845,-10.511345,-10.292595,-10.198845,-10.15197,-10.073845,-9.948845,-9.83947,-9.730095,-9.62072,-9.58947,-9.573845,-9.636345,-9.730095,-9.855095,-10.042595,-10.230095,-10.417595,-10.62072,-10.77697,-10.855095,-10.855095,-10.74572,-10.573845,-10.386345,-10.167595,-9.99572,-9.823845,-9.667595,-9.542595,-9.480095,-9.448845,-9.40197,-9.37072,-9.261345,-9.042595,-8.761345,-8.448845,-8.15197,-7.77697,-7.448845,-7.323845,-7.323845,-7.355095,-7.417595,-7.542595,-7.698845,-7.77697
-1.3394699,1.8949051,2.957405,1.4730301,0.19178009,0.11365509,-1.7457199,-8.30822,-13.136345,-12.261345,-11.33947,-10.83947,-10.448845,-10.167595,-10.042595,-10.073845,-10.05822,-9.980095,-9.917595,-9.87072,-9.823845,-9.823845,-9.792595,-9.74572,-9.74572,-9.761345,-9.83947,-9.980095,-10.136345,-10.323845,-10.511345,-10.65197,-10.77697,-10.80822,-10.761345,-10.667595,-10.55822,-10.43322,-10.261345,-10.073845,-9.886345,-9.698845,-9.55822,-9.480095,-9.49572,-9.480095,-9.417595,-9.355095,-9.198845,-8.93322,-8.49572,-8.011345,-7.68322,-7.480095,-7.355095,-7.30822,-7.386345,-7.55822,-7.667595
-5.011345,-0.3394699,2.56678,1.8480301,0.7855301,0.2542801,-0.3394699,-4.15197,-10.917595,-12.18322,-11.011345,-10.40197,-10.105095,-9.83947,-9.71447,-9.77697,-9.886345,-9.948845,-9.96447,-10.011345,-10.073845,-10.08947,-10.08947,-10.05822,-9.99572,-9.917595,-9.87072,-9.87072,-9.93322,-10.05822,-10.198845,-10.33947,-10.46447,-10.573845,-10.65197,-10.68322,-10.68322,-10.667595,-10.605095,-10.49572,-10.355095,-10.198845,-10.042595,-9.917595,-9.792595,-9.667595,-9.58947,-9.58947,-9.605095,-9.511345,-9.292595,-8.99572,-8.55822,-8.042595,-7.573845,-7.323845,-7.292595,-7.355095,-7.40197
-8.58947,-4.448845,-0.3238449,0.9574051,0.6136551,0.4417801,0.12928009,-1.4957199,-7.90197,-11.573845,-10.698845,-9.948845,-9.667595,-9.417595,-9.230095,-9.40197,-9.65197,-9.886345,-10.011345,-10.12072,-10.21447,-10.292595,-10.33947,-10.323845,-10.292595,-10.21447,-10.105095,-10.011345,-9.93322,-9.93322,-9.99572,-10.105095,-10.230095,-10.323845,-10.40197,-10.480095,-10.542595,-10.573845,-10.58947,-10.58947,-10.55822,-10.511345,-10.417595,-10.323845,-10.198845,-10.042595,-9.886345,-9.761345,-9.698845,-9.65197,-9.62072,-9.542595,-9.27697,-8.77697,-8.18322,-7.698845,-7.40197,-7.230095,-7.15197
-11.292595,-8.730095,-4.65197,-1.3394699,-0.3707199,0.19178009,0.4261551,-0.3394699,-5.167595,-10.30822,-10.448845,-9.480095,-9.18322,-8.93322,-8.761345,-8.855095,-9.30822,-9.74572,-10.011345,-10.167595,-10.323845,-10.43322,-10.46447,-10.55822,-10.55822,-10.511345,-10.448845,-10.323845,-10.18322,-10.042595,-9.980095,-10.011345,-10.073845,-10.136345,-10.198845,-10.261345,-10.292595,-10.323845,-10.386345,-10.43322,-10.49572,-10.55822,-10.58947,-10.58947,-10.511345,-10.386345,-10.261345,-10.08947,-9.917595,-9.83947,-9.80822,-9.77697,-9.636345,-9.386345,-8.980095,-8.49572,-7.917595,-7.355095,-6.99572
-12.980095,-11.542595,-8.480095,-3.980095,-1.2144699,-0.13634491,0.6761551,0.9574051,-1.7300949,-8.417595,-10.08947,-9.105095,-8.667595,-8.636345,-8.46447,-8.511345,-8.68322,-9.292595,-9.948845,-10.198845,-10.261345,-10.386345,-10.49572,-10.761345,-10.87072,-10.90197,-10.886345,-10.74572,-10.58947,-10.386345,-10.261345,-10.167595,-10.105095,-10.105095,-10.105095,-10.12072,-10.12072,-10.136345,-10.15197,-10.18322,-10.230095,-10.30822,-10.43322,-10.52697,-10.58947,-10.605095,-10.52697,-10.40197,-10.27697,-10.198845,-10.073845,-9.886345,-9.77697,-9.68322,-9.55822,-9.292595,-8.823845,-8.18322,-7.542595
-13.855095,-13.011345,-11.46447,-7.917595,-3.198845,-0.3238449,0.7386551,1.2230301,-0.3707199,-6.49572,-9.448845,-8.71447,-8.323845,-8.511345,-8.65197,-8.55822,-8.167595,-7.99572,-9.698845,-10.198845,-10.30822,-10.30822,-10.46447,-10.823845,-11.042595,-11.15197,-11.073845,-10.99572,-10.917595,-10.792595,-10.68322,-10.52697,-10.37072,-10.323845,-10.24572,-10.167595,-10.073845,-10.02697,-10.011345,-9.99572,-10.011345,-10.05822,-10.15197,-10.292595,-10.417595,-10.511345,-10.542595,-10.49572,-10.417595,-10.33947,-10.230095,-10.08947,-9.93322,-9.792595,-9.667595,-9.542595,-9.386345,-9.12072,-8.667595
-14.073845,-13.83947,-13.105095,-11.18322,-6.15197,-0.7300949,0.5667801,1.0511551,0.3167801,-4.105095,-8.042595,-8.02697,-8.08947,-8.511345,-8.96447,-9.12072,-7.855095,-6.073845,-7.96447,-9.52697,-10.542595,-10.448845,-10.62072,-10.80822,-10.980095,-11.12072,-11.08947,-11.198845,-11.292595,-11.292595,-11.21447,-11.05822,-10.855095,-10.730095,-10.62072,-10.417595,-10.24572,-10.08947,-9.980095,-9.90197,-9.87072,-9.855095,-9.917595,-10.011345,-10.12072,-10.261345,-10.323845,-10.37072,-10.33947,-10.292595,-10.230095,-10.167595,-10.042595,-9.87072,-9.667595,-9.573845,-9.55822,-9.573845,-9.448845
-13.71447,-13.823845,-13.730095,-13.33947,-10.93322,-4.55822,0.0042800903,0.5824051,0.2699051,-2.386345,-5.87072,-7.167595,-7.80822,-8.43322,-9.08947,-9.511345,-9.698845,-9.167595,-8.24572,-8.96447,-10.65197,-10.636345,-10.74572,-10.80822,-10.917595,-11.073845,-11.24572,-11.43322,-11.52697,-11.511345,-11.417595,-11.292595,-11.167595,-11.12072,-11.073845,-10.90197,-10.68322,-10.46447,-10.230095,-10.02697,-9.886345,-9.80822,-9.761345,-9.77697,-9.83947,-9.917595,-9.99572,-10.011345,-10.042595,-10.042595,-10.042595,-10.011345,-9.948845,-9.823845,-9.667595,-9.542595,-9.49572,-9.480095,-9.480095
-13.12072,-13.105095,-13.24572,-13.40197,-13.323845,-9.83947,-3.87072,-1.2925949,0.03553009,-0.9019699,-4.40197,-6.730095,-7.573845,-8.30822,-8.96447,-9.480095,-9.855095,-10.105095,-10.105095,-10.33947,-10.62072,-10.792595,-10.855095,-10.948845,-11.011345,-11.136345,-11.18322,-11.24572,-11.37072,-11.37072,-11.292595,-11.136345,-11.05822,-11.073845,-11.15197,-11.15197,-11.042595,-10.855095,-10.605095,-10.323845,-10.12072,-9.93322,-9.80822,-9.74572,-9.71447,-9.71447,-9.71447,-9.71447,-9.71447,-9.730095,-9.74572,-9.77697,-9.77697,-9.71447,-9.605095,-9.46447,-9.355095,-9.27697,-9.261345
-12.511345,-12.15197,-11.698845,-11.448845,-11.18322,-10.073845,-6.323845,-2.886345,-0.5738449,-0.7925949,-3.83947,-6.52697,-7.417595,-8.15197,-8.80822,-9.30822,-9.74572,-10.011345,-10.261345,-10.46447,-10.74572,-10.917595,-10.99572,-11.02697,-11.073845,-11.15197,-11.230095,-11.261345,-11.33947,-11.323845,-11.18322,-11.011345,-10.917595,-11.011345,-11.15197,-11.27697,-11.292595,-11.18322,-10.980095,-10.71447,-10.46447,-10.261345,-10.02697,-9.90197,-9.761345,-9.65197,-9.58947,-9.49572,-9.43322,-9.40197,-9.417595,-9.46447,-9.511345,-9.542595,-9.49572,-9.386345,-9.24572,-9.08947,-9.02697
-11.83947,-11.292595,-10.37072,-9.480095,-8.65197,-7.573845,-5.96447,-4.05822,-2.74572,-3.605095,-5.136345,-6.511345,-7.33947,-7.980095,-8.542595,-9.073845,-9.448845,-9.823845,-10.21447,-10.49572,-10.698845,-10.83947,-10.93322,-10.980095,-11.05822,-11.08947,-11.167595,-11.261345,-11.33947,-11.33947,-11.230095,-11.073845,-10.90197,-10.917595,-11.105095,-11.33947,-11.46447,-11.417595,-11.27697,-11.042595,-10.855095,-10.58947,-10.37072,-10.167595,-9.980095,-9.80822,-9.65197,-9.480095,-9.30822,-9.198845,-9.136345,-9.136345,-9.198845,-9.292595,-9.323845,-9.27697,-9.15197,-8.948845,-8.792595
-10.511345,-10.636345,-9.68322,-8.77697,-7.96447,-7.042595,-6.136345,-5.46447,-4.90197,-5.230095,-5.87072,-6.667595,-7.33947,-7.87072,-8.417595,-8.90197,-9.323845,-9.74572,-10.105095,-10.37072,-10.58947,-10.730095,-10.792595,-10.87072,-10.886345,-10.93322,-10.96447,-11.073845,-11.15197,-11.292595,-11.323845,-11.21447,-10.90197,-10.80822,-11.011345,-11.30822,-11.511345,-11.52697,-11.386345,-11.261345,-11.05822,-10.855095,-10.605095,-10.417595,-10.198845,-10.011345,-9.823845,-9.62072,-9.40197,-9.21447,-9.05822,-8.980095,-8.980095,-9.042595,-9.073845,-9.073845,-8.980095,-8.792595,-8.605095
-7.980095,-9.65197,-9.12072,-8.18322,-7.511345,-6.823845,-6.27697,-5.886345,-5.761345,-5.917595,-6.33947,-6.83947,-7.40197,-7.90197,-8.40197,-8.90197,-9.30822,-9.698845,-10.042595,-10.292595,-10.52697,-10.68322,-10.74572,-10.77697,-10.77697,-10.761345,-10.792595,-10.80822,-10.90197,-11.011345,-11.21447,-11.105095,-10.62072,-10.355095,-10.74572,-11.21447,-11.480095,-11.573845,-11.448845,-11.30822,-11.198845,-11.011345,-10.80822,-10.605095,-10.417595,-10.230095,-10.05822,-9.823845,-9.58947,-9.386345,-9.18322,-9.02697,-8.93322,-8.855095,-8.823845,-8.761345,-8.667595,-8.49572,-8.323845
-5.355095,-8.198845,-8.62072,-7.71447,-7.042595,-6.49572,-6.073845,-5.917595,-5.93322,-6.167595,-6.511345,-6.980095,-7.43322,-7.87072,-8.37072,-8.83947,-9.24572,-9.667595,-10.02697,-10.30822,-10.55822,-10.730095,-10.823845,-10.87072,-10.823845,-10.77697,-10.71447,-10.65197,-10.62072,-10.636345,-10.77697,-10.886345,-9.43322,-7.948845,-9.511345,-10.667595,-11.386345,-11.46447,-11.386345,-11.27697,-11.167595,-11.042595,-10.90197,-10.77697,-10.65197,-10.480095,-10.323845,-10.073845,-9.83947,-9.636345,-9.448845,-9.292595,-9.12072,-8.93322,-8.71447,-8.52697,-8.323845,-8.12072,-7.948845
-2.93322,-6.27697,-8.12072,-7.58947,-6.83947,-6.27697,-5.90197,-5.74572,-5.823845,-6.05822,-6.43322,-6.83947,-7.292595,-7.698845,-8.167595,-8.65197,-9.105095,-9.55822,-9.980095,-10.30822,-10.605095,-10.823845,-10.948845,-10.99572,-10.96447,-10.90197,-10.792595,-10.698845,-10.605095,-10.511345,-10.52697,-10.68322,-9.58947,-6.573845,-6.698845,-9.43322,-10.87072,-11.198845,-11.12072,-11.08947,-11.042595,-10.99572,-10.917595,-10.87072,-10.792595,-10.68322,-10.52697,-10.30822,-10.073845,-9.90197,-9.71447,-9.55822,-9.386345,-9.15197,-8.87072,-8.573845,-8.292595,-8.02697,-7.80822
-1.3863449,-3.87072,-6.917595,-7.55822,-6.87072,-6.12072,-5.68322,-5.52697,-5.542595,-5.792595,-6.105095,-6.52697,-6.948845,-7.355095,-7.823845,-8.33947,-8.792595,-9.323845,-9.823845,-10.21447,-10.573845,-10.83947,-11.011345,-11.105095,-11.08947,-11.05822,-10.93322,-10.855095,-10.761345,-10.605095,-10.573845,-10.511345,-10.573845,-7.698845,-4.698845,-6.52697,-10.136345,-10.730095,-10.68322,-10.698845,-10.77697,-10.80822,-10.823845,-10.83947,-10.83947,-10.792595,-10.68322,-10.49572,-10.323845,-10.15197,-9.99572,-9.792595,-9.58947,-9.323845,-9.042595,-8.77697,-8.49572,-8.24572,-8.02697
-0.07384491,-1.3238449,-4.011345,-6.823845,-6.948845,-6.02697,-5.43322,-5.21447,-5.198845,-5.386345,-5.698845,-6.05822,-6.511345,-6.93322,-7.40197,-7.917595,-8.386345,-8.96447,-9.49572,-9.96447,-10.386345,-10.698845,-10.90197,-11.042595,-11.105095,-11.08947,-11.011345,-10.96447,-10.855095,-10.80822,-10.667595,-10.636345,-10.62072,-10.33947,-8.65197,-7.15197,-9.62072,-10.43322,-10.30822,-10.27697,-10.33947,-10.40197,-10.52697,-10.65197,-10.730095,-10.74572,-10.698845,-10.65197,-10.511345,-10.40197,-10.230095,-9.980095,-9.698845,-9.37072,-9.08947,-8.917595,-8.761345,-8.667595,-8.52697
0.5511551,-0.08946991,-1.6363449,-4.49572,-6.261345,-5.99572,-5.230095,-4.96447,-4.96447,-5.12072,-5.355095,-5.68322,-6.105095,-6.52697,-7.02697,-7.52697,-8.02697,-8.58947,-9.15197,-9.62072,-10.08947,-10.43322,-10.667595,-10.83947,-10.948845,-10.96447,-10.93322,-10.886345,-10.83947,-10.761345,-10.698845,-10.58947,-10.573845,-10.480095,-10.46447,-10.15197,-10.43322,-10.323845,-10.261345,-10.12072,-10.136345,-10.136345,-10.230095,-10.37072,-10.46447,-10.52697,-10.55822,-10.573845,-10.573845,-10.52697,-10.386345,-10.073845,-9.730095,-9.33947,-9.042595,-8.90197,-8.855095,-8.917595,-8.917595
0.3636551,-0.3238449,-0.8863449,-1.9175949,-4.15197,-5.605095,-5.105095,-4.698845,-4.667595,-4.792595,-4.99572,-5.261345,-5.65197,-6.073845,-6.58947,-7.136345,-7.636345,-8.198845,-8.761345,-9.24572,-9.730095,-10.08947,-10.355095,-10.573845,-10.698845,-10.74572,-10.77697,-10.74572,-10.698845,-10.636345,-10.52697,-10.46447,-10.355095,-10.33947,-10.30822,-10.292595,-10.386345,-10.323845,-10.042595,-10.042595,-10.05822,-10.02697,-10.05822,-10.15197,-10.24572,-10.230095,-10.261345,-10.323845,-10.417595,-10.480095,-10.37072,-10.073845,-9.698845,-9.30822,-9.011345,-8.87072,-8.886345,-9.011345,-9.08947
