leaflet-velocity-master/demo/--wind-global.json
{"header": { "discipline":0, "gribEdition":2, "gribLength":55731, "center":34, "subcenter":0, "refTime":"2021-04-14T06:00:00.000Z", "significanceOfRT":1, "productStatus":0, "productType":1, "productDefinitionTemplate":0, "parameterCategory":2, "parameterNumber":2, "parameterUnit":"m.s-1", "genProcessType":1, "forecastTime":0, "surface1Type":103, "surface1Value":10.0, "surface2Type":255, "surface2Value":-9.999E-252, "gridDefinitionTemplate":0, "numberPoints":40401, "shape":6, "gridUnits":"degrees", "resolution":48, "winds":"true", "scanMode":64, "nx":201, "ny":201, "basicAngle":0, "lo1":90.0, "la1":-5.0, "lo2":140.0, "la2":45.0, "dx":0.25, "dy":0.25 }, "data":
[rows 25 to 49 of 201, columns 0 to 57 of 201]
-0.71333313,-0.61958313,-0.54145813,-0.49458313,-0.47895813,-0.43208313,-0.40083313,-0.38520813,-0.38520813,-0.35395813,-0.38520813,-0.47895813,-0.55708313,-0.58833313,-0.58833313,-0.51020813,-0.44770813,-0.36958313,-0.29145813,-0.27583313,-0.36958313,-0.55708313,-0.76020813,-0.85395813,-0.91645813,-0.91645813,-0.76020813,-0.33833313,0.66166687,1.2554169,-0.02583313,-0.71333313,0.19291687,0.92729187,1.5991669,2.0366669,1.7397919,1.2710419,-0.16645813,-1.1664581,-0.71333313,-0.49458313,-0.35395813,-0.05708313,0.52104187,0.63041687,0.00541687,-0.01020813,0.11479187,-0.10395813,-0.47895813,0.05229187,1.0366669,1.6616669,1.0366669,0.28666687,0.06791687,-0.61958313
-0.51020813,-0.46333313,-0.43208313,-0.41645813,-0.44770813,-0.44770813,-0.44770813,-0.46333313,-0.44770813,-0.43208313,-0.51020813,-0.58833313,-0.61958313,-0.60395813,-0.55708313,-0.49458313,-0.44770813,-0.46333313,-0.47895813,-0.54145813,-0.66645813,-0.85395813,-0.97895813,-1.0102081,-0.99458313,-0.96333313,-0.82270813,-0.54145813,0.03666687,0.38041687,-0.08833313,0.08354187,0.86479187,1.4116669,2.2397919,2.1460419,1.8179169,0.86479187,-1.0102081,-1.4633331,-0.63520813,-0.11958313,0.09916687,0.03666687,0.36479187,0.44291687,-0.26020813,-0.30708313,0.05229187,0.30229187,0.58354187,1.5054169,2.3491669,2.1616669,0.55229187,-0.24458313,-0.26020813,-1.2133331
-0.24458313,-0.22895813,-0.24458313,-0.29145813,-0.35395813,-0.43208313,-0.47895813,-0.51020813,-0.51020813,-0.51020813,-0.57270813,-0.65083313,-0.66645813,-0.65083313,-0.60395813,-0.57270813,-0.58833313,-0.65083313,-0.74458313,-0.83833313,-0.96333313,-1.0883331,-1.1508331,-1.1195831,-1.0727081,-0.96333313,-0.80708313,-0.63520813,-0.38520813,-0.10395813,0.22416687,0.80229187,1.3647919,1.8335419,2.5366669,2.4272919,1.6304169,0.39604187,-1.3383331,-1.7445831,-0.76020813,0.14604187,0.48979187,0.16166687,0.19291687,0.31791687,-0.30708313,-0.69770813,-0.05708313,1.1460419,2.3022919,2.7241669,2.0679169,0.83354187,-0.35395813,-0.36958313,-0.47895813,-1.9477081
0.00541687,0.02104187,-0.05708313,-0.18208313,-0.30708313,-0.41645813,-0.52583313,-0.58833313,-0.58833313,-0.58833313,-0.63520813,-0.71333313,-0.77583313,-0.77583313,-0.77583313,-0.77583313,-0.83833313,-0.91645813,-1.0414581,-1.1664581,-1.2289581,-1.2914581,-1.2445831,-1.1664581,-1.0414581,-0.94770813,-0.76020813,-0.54145813,-0.33833313,0.02104187,0.70854187,1.5054169,1.9272919,1.8022919,1.8335419,1.5991669,0.78666687,-0.44770813,-1.6977081,-1.6508331,-0.68208313,-0.04145813,0.17729187,0.13041687,0.13041687,-0.01020813,-0.29145813,-0.22895813,0.95854187,2.1772919,2.5522919,1.7085419,0.95854187,-0.18208313,-0.80708313,-0.38520813,-0.96333313,-2.2289581
0.05229187,0.08354187,-0.01020813,-0.18208313,-0.33833313,-0.49458313,-0.61958313,-0.69770813,-0.69770813,-0.69770813,-0.72895813,-0.80708313,-0.86958313,-0.91645813,-0.94770813,-0.96333313,-0.99458313,-1.0727081,-1.1820831,-1.2914581,-1.3383331,-1.2758331,-1.0883331,-0.83833313,-0.72895813,-0.88520813,-0.79145813,-0.43208313,-0.18208313,0.31791687,1.3647919,1.7554169,1.7397919,1.7710419,1.6929169,0.50541687,-0.18208313,-1.0258331,-1.9477081,-1.3695831,-0.52583313,-0.26020813,-0.36958313,-0.21333313,-0.21333313,-0.41645813,-0.11958313,0.94291687,2.1304169,1.9897919,1.2397919,0.67729187,0.73979187,-0.46333313,-0.97895813,-0.51020813,-1.4945831,-1.8383331
-0.01020813,0.02104187,-0.05708313,-0.22895813,-0.40083313,-0.55708313,-0.69770813,-0.79145813,-0.82270813,-0.82270813,-0.85395813,-0.90083313,-0.96333313,-1.0102081,-1.0414581,-1.0570831,-1.0727081,-1.1039581,-1.2133331,-1.3227081,-1.3227081,-1.0883331,-0.57270813,-0.13520813,-0.10395813,-0.77583313,-0.82270813,-0.26020813,0.06791687,0.77104187,1.8491669,1.4116669,1.4272919,2.0366669,1.2710419,-0.38520813,-0.86958313,-1.5570831,-1.7445831,-0.90083313,-0.51020813,-0.47895813,-0.82270813,-0.68208313,-0.44770813,-0.01020813,0.83354187,1.8960419,2.1929169,0.97416687,0.27104187,0.27104187,0.59916687,-0.43208313,-0.90083313,-1.0258331,-1.6352081,-1.2289581
-0.08833313,-0.08833313,-0.13520813,-0.26020813,-0.41645813,-0.55708313,-0.68208313,-0.77583313,-0.85395813,-0.90083313,-0.91645813,-0.93208313,-0.94770813,-0.97895813,-1.0102081,-1.0258331,-1.0414581,-1.0883331,-1.1977081,-1.3070831,-1.2602081,-0.91645813,-0.15083313,0.23979187,-0.36958313,-0.90083313,-0.46333313,0.20854187,0.66166687,1.5366669,2.4897919,1.3804169,1.5835419,2.2241669,0.58354187,-1.2133331,-1.6820831,-1.6508331,-1.0258331,-0.58833313,-0.86958313,-1.0883331,-0.97895813,-0.66645813,0.13041687,1.4585419,1.7085419,1.7085419,1.3179169,-0.07270813,-0.29145813,0.19291687,0.38041687,-0.51020813,-1.7758331,-1.9164581,-1.1820831,-0.51020813
-0.07270813,-0.11958313,-0.16645813,-0.24458313,-0.36958313,-0.46333313,-0.54145813,-0.63520813,-0.74458313,-0.83833313,-0.88520813,-0.88520813,-0.86958313,-0.86958313,-0.90083313,-0.93208313,-0.97895813,-1.0727081,-1.1977081,-1.2758331,-1.2133331,-0.91645813,-0.40083313,-0.19770813,-0.55708313,-0.46333313,0.16166687,0.69291687,1.3335419,2.0679169,2.1772919,0.63041687,0.94291687,1.8960419,0.08354187,-1.8227081,-1.7758331,-1.1039581,-0.69770813,-0.71333313,-0.97895813,-0.96333313,-0.79145813,-0.40083313,0.78666687,2.4741669,2.0835419,1.8179169,0.70854187,-0.58833313,-0.18208313,0.25541687,0.14604187,-0.83833313,-2.4320831,-1.5883331,-0.54145813,-0.19770813
0.00541687,-0.08833313,-0.13520813,-0.19770813,-0.29145813,-0.35395813,-0.38520813,-0.44770813,-0.57270813,-0.69770813,-0.76020813,-0.76020813,-0.74458313,-0.74458313,-0.77583313,-0.85395813,-0.93208313,-1.0414581,-1.1664581,-1.1820831,-1.1039581,-0.90083313,-0.63520813,-0.43208313,-0.27583313,0.14604187,0.63041687,1.0679169,1.8491669,2.3022919,1.2241669,-0.91645813,-0.41645813,0.44291687,-0.71333313,-1.8852081,-1.1352081,-0.55708313,-1.0258331,-1.1820831,-0.90083313,-0.60395813,-0.46333313,-0.02583313,1.3491669,2.7397919,2.2554169,1.7554169,-0.15083313,-0.80708313,0.00541687,0.25541687,-0.01020813,-0.93208313,-2.3070831,-1.1039581,-0.11958313,-0.04145813
0.23979187,0.09916687,-0.01020813,-0.10395813,-0.22895813,-0.27583313,-0.26020813,-0.24458313,-0.33833313,-0.51020813,-0.57270813,-0.54145813,-0.52583313,-0.60395813,-0.69770813,-0.79145813,-0.86958313,-0.96333313,-1.0258331,-1.0102081,-0.88520813,-0.72895813,-0.54145813,-0.29145813,0.20854187,0.81791687,1.1147919,1.6304169,2.6304169,2.3960419,-0.49458313,-2.2133331,-1.9008331,-1.2758331,-1.1352081,-1.5258331,-1.0102081,-0.52583313,-0.99458313,-0.94770813,-0.47895813,-0.19770813,0.14604187,1.0522919,1.7710419,1.5835419,1.7554169,0.92729187,-0.79145813,-0.65083313,0.17729187,0.33354187,-0.01020813,-1.0883331,-2.5883331,-1.0727081,0.06791687,0.02104187
0.53666687,0.38041687,0.19291687,-0.02583313,-0.19770813,-0.24458313,-0.15083313,-0.07270813,-0.15083313,-0.32270813,-0.40083313,-0.36958313,-0.35395813,-0.46333313,-0.63520813,-0.72895813,-0.76020813,-0.80708313,-0.86958313,-0.85395813,-0.74458313,-0.58833313,-0.41645813,0.00541687,0.83354187,1.6304169,1.4741669,1.7710419,2.9897919,1.4116669,-1.5727081,-2.1195831,-2.2758331,-1.1664581,-1.0102081,-1.4633331,-1.1508331,-0.46333313,-0.44770813,-0.36958313,-0.11958313,0.19291687,1.0679169,2.0679169,1.6304169,1.2397919,1.5679169,0.14604187,-0.47895813,-0.58833313,0.00541687,0.31791687,-0.07270813,-1.0570831,-2.8383331,-1.2133331,0.08354187,0.03666687
0.81791687,0.67729187,0.44291687,0.13041687,-0.08833313,-0.08833313,0.03666687,0.11479187,0.03666687,-0.15083313,-0.26020813,-0.21333313,-0.19770813,-0.32270813,-0.47895813,-0.55708313,-0.58833313,-0.63520813,-0.69770813,-0.76020813,-0.71333313,-0.60395813,-0.29145813,0.48979187,1.7866669,2.2085419,1.9272919,2.0835419,2.2554169,0.28666687,-1.7289581,-2.0102081,-2.0570831,-1.0570831,-0.88520813,-1.2445831,-0.77583313,-0.22895813,-0.13520813,-0.05708313,0.08354187,0.64604187,2.0991669,2.5991669,1.4272919,1.6772919,1.0054169,-0.76020813,-0.35395813,-0.29145813,0.05229187,0.14604187,-0.15083313,-0.80708313,-2.7289581,-1.3383331,-0.02583313,-0.04145813
0.92729187,0.83354187,0.69291687,0.45854187,0.28666687,0.30229187,0.36479187,0.33354187,0.22416687,0.05229187,-0.02583313,0.00541687,-0.01020813,-0.13520813,-0.22895813,-0.29145813,-0.35395813,-0.41645813,-0.54145813,-0.72895813,-0.85395813,-0.68208313,0.05229187,1.3804169,2.1616669,2.2866669,2.9272919,1.4741669,-0.38520813,-0.71333313,-2.1508331,-1.9477081,-1.4789581,-1.2445831,-0.72895813,-0.35395813,-0.18208313,-0.13520813,-0.07270813,-0.05708313,0.11479187,1.1460419,2.7866669,2.0835419,1.2710419,2.0991669,-0.05708313,-1.4008331,-0.30708313,0.08354187,0.22416687,0.06791687,-0.27583313,-0.74458313,-2.6820831,-1.5727081,-0.40083313,-0.32270813
0.98979187,0.91166687,0.84916687,0.77104187,0.67729187,0.67729187,0.63041687,0.48979187,0.34916687,0.23979187,0.22416687,0.25541687,0.17729187,0.03666687,-0.02583313,-0.05708313,-0.13520813,-0.21333313,-0.38520813,-0.74458313,-0.93208313,-0.52583313,0.72416687,1.5991669,1.5522919,1.9429169,2.5210419,0.53666687,-1.8227081,-1.5258331,-1.7758331,-1.2445831,-1.1195831,-0.86958313,-0.27583313,-0.01020813,-0.10395813,-0.16645813,-0.11958313,-0.15083313,0.09916687,1.3335419,3.0210419,1.8179169,1.3335419,1.9116669,-0.51020813,-1.2914581,-0.11958313,-0.02583313,0.00541687,0.00541687,-0.38520813,-0.76020813,-2.6352081,-1.8070831,-0.76020813,-0.63520813
1.1304169,1.0522919,1.0210419,1.0366669,1.0054169,1.0210419,0.89604187,0.66166687,0.50541687,0.44291687,0.47416687,0.52104187,0.42729187,0.23979187,0.16166687,0.14604187,0.08354187,0.02104187,-0.19770813,-0.68208313,-0.80708313,0.23979187,1.4272919,1.3179169,1.3804169,1.1147919,0.59916687,0.08354187,-1.7758331,-1.8227081,-1.1195831,-0.63520813,-0.85395813,-0.52583313,-0.01020813,-0.02583313,-0.22895813,-0.26020813,-0.19770813,-0.21333313,0.17729187,1.5366669,2.7866669,1.7554169,1.3335419,1.7397919,-0.63520813,-1.2445831,-0.26020813,-0.11958313,-0.07270813,-0.07270813,-0.51020813,-0.72895813,-2.4320831,-1.9008331,-0.99458313,-0.82270813
1.4272919,1.3022919,1.2554169,1.3022919,1.3491669,1.3960419,1.2397919,0.89604187,0.69291687,0.66166687,0.73979187,0.81791687,0.75541687,0.53666687,0.42729187,0.39604187,0.36479187,0.38041687,0.11479187,-0.41645813,-0.13520813,1.3960419,1.5835419,0.25541687,0.36479187,-0.19770813,-1.1820831,-0.55708313,-1.3227081,-1.4320831,-0.79145813,-0.66645813,-0.51020813,-0.16645813,-0.08833313,-0.26020813,-0.44770813,-0.38520813,-0.30708313,-0.19770813,0.44291687,1.8179169,2.1304169,1.6147919,0.78666687,1.3960419,-0.35395813,-1.1039581,-0.68208313,-0.15083313,-0.18208313,-0.44770813,-0.54145813,-0.96333313,-2.1508331,-1.7445831,-1.0414581,-0.90083313
1.6929169,1.5991669,1.5366669,1.5679169,1.6460419,1.6929169,1.5210419,1.1304169,0.89604187,0.84916687,0.92729187,1.0210419,0.98979187,0.81791687,0.67729187,0.64604187,0.69291687,0.73979187,0.48979187,0.13041687,0.75541687,1.4429169,0.44291687,-1.0883331,-1.4320831,-1.6508331,-1.7445831,-1.5570831,-1.5727081,-1.3383331,-1.0570831,-0.94770813,-0.65083313,-0.41645813,-0.40083313,-0.55708313,-0.63520813,-0.51020813,-0.38520813,-0.21333313,0.55229187,2.0522919,2.2554169,1.7085419,0.31791687,1.0679169,0.36479187,-0.90083313,-1.0727081,0.00541687,-0.24458313,-0.86958313,-0.93208313,-1.4789581,-1.9789581,-1.4789581,-1.0727081,-0.97895813
1.8960419,1.8491669,1.8179169,1.8804169,1.9585419,1.9429169,1.7241669,1.3960419,1.1929169,1.0991669,1.1304169,1.2241669,1.2241669,1.0522919,0.94291687,0.97416687,1.0679169,1.0991669,0.88041687,0.83354187,1.5522919,1.0366669,-0.58833313,-1.8227081,-2.8852081,-2.8852081,-2.2914581,-2.1664581,-2.1039581,-1.7914581,-1.4477081,-1.1977081,-0.99458313,-0.80708313,-0.76020813,-0.80708313,-0.80708313,-0.60395813,-0.43208313,-0.24458313,0.53666687,2.0679169,2.2241669,1.5679169,0.33354187,0.89604187,0.73979187,-0.90083313,-1.0570831,0.08354187,-0.55708313,-1.6977081,-1.8227081,-1.5570831,-1.4789581,-1.3383331,-1.2133331,-1.1195831
1.9116669,1.9116669,1.9897919,2.1772919,2.2866669,2.1616669,1.9429169,1.7085419,1.5679169,1.4585419,1.4585419,1.5054169,1.5054169,1.3960419,1.3491669,1.4429169,1.5210419,1.4429169,1.2866669,1.4897919,2.1147919,1.4429169,-0.80708313,-2.3852081,-3.0414581,-2.6039581,-1.9945831,-1.8539581,-1.9164581,-1.7758331,-1.6195831,-1.4633331,-1.3227081,-1.1508331,-0.97895813,-0.93208313,-0.86958313,-0.63520813,-0.40083313,-0.15083313,0.67729187,2.2554169,2.0835419,1.2241669,0.53666687,0.45854187,0.11479187,-0.90083313,-0.61958313,-0.26020813,-1.6977081,-2.7289581,-1.9789581,-1.2133331,-1.2289581,-1.3852081,-1.3539581,-1.2758331
1.8960419,1.9116669,2.0366669,2.2554169,2.4272919,2.3647919,2.1460419,1.9585419,1.8491669,1.7710419,1.7554169,1.7866669,1.8022919,1.8179169,1.8022919,1.8491669,1.8179169,1.6772919,1.6304169,1.8960419,2.3960419,2.0835419,0.28666687,-1.3383331,-2.1352081,-2.0727081,-1.6195831,-1.3852081,-1.3695831,-1.3695831,-1.4164581,-1.4633331,-1.3695831,-1.1977081,-0.99458313,-0.86958313,-0.79145813,-0.55708313,-0.24458313,0.09916687,1.0991669,2.2085419,1.8647919,1.1304169,0.39604187,0.27104187,-0.05708313,-0.82270813,-0.93208313,-0.69770813,-1.8383331,-2.0258331,-1.1664581,-0.97895813,-1.3070831,-1.4320831,-1.3383331,-1.3695831
1.9585419,1.9585419,2.0835419,2.3022919,2.4897919,2.5054169,2.3647919,2.1929169,2.0991669,2.0366669,2.0366669,2.0679169,2.1147919,2.1929169,2.2241669,2.2085419,2.0835419,1.9272919,1.9741669,2.1929169,2.6147919,2.7241669,1.8491669,0.58354187,-0.57270813,-1.1508331,-1.1195831,-0.82270813,-0.65083313,-0.68208313,-0.94770813,-1.2133331,-1.2133331,-1.0258331,-0.85395813,-0.71333313,-0.58833313,-0.36958313,0.03666687,0.56791687,1.5991669,2.0679169,1.4585419,0.94291687,0.34916687,0.33354187,-0.11958313,-1.2602081,-1.6195831,-1.2289581,-1.3070831,-1.0883331,-0.79145813,-1.0258331,-1.4008331,-1.4008331,-1.3383331,-1.4789581
2.1460419,2.1147919,2.2085419,2.3960419,2.5679169,2.6304169,2.5679169,2.4429169,2.3491669,2.3022919,2.3022919,2.3179169,2.3647919,2.4897919,2.5522919,2.5991669,2.5210419,2.3960419,2.3647919,2.4741669,2.7397919,3.0679169,3.0522919,2.5210419,1.5835419,0.64604187,0.11479187,0.03666687,0.16166687,0.14604187,-0.18208313,-0.71333313,-0.86958313,-0.69770813,-0.47895813,-0.35395813,-0.26020813,0.00541687,0.61479187,1.3647919,1.7710419,1.6616669,1.3179169,0.67729187,0.20854187,0.20854187,-0.60395813,-2.4633331,-2.2602081,-1.2445831,-0.86958313,-0.77583313,-0.86958313,-1.1508331,-1.3383331,-1.3695831,-1.4320831,-1.6977081
2.3335419,2.3022919,2.3804169,2.5366669,2.6772919,2.7397919,2.7241669,2.6460419,2.5522919,2.5054169,2.4741669,2.4429169,2.4741669,2.5991669,2.7710419,2.8179169,2.8647919,2.7554169,2.7085419,2.7085419,2.8491669,3.1304169,3.3491669,3.2866669,2.8335419,2.1460419,1.5366669,1.0991669,0.89604187,0.80229187,0.47416687,-0.15083313,-0.52583313,-0.36958313,-0.08833313,0.02104187,0.06791687,0.47416687,1.4116669,1.9429169,1.3647919,0.91166687,0.88041687,0.47416687,0.02104187,-0.10395813,-1.2289581,-2.4477081,-1.7758331,-0.86958313,-0.71333313,-0.76020813,-0.91645813,-1.1508331,-1.3695831,-1.4320831,-1.6039581,-1.8695831
2.4897919,2.4897919,2.5366669,2.6772919,2.8335419,2.8960419,2.9116669,2.8335419,2.7397919,2.6772919,2.5835419,2.5210419,2.5366669,2.6616669,2.8804169,2.1460419,2.3960419,2.7397919,2.8647919,2.8960419,2.9585419,3.1304169,3.3179169,3.4272919,3.3491669,3.0835419,2.7241669,2.2241669,1.7397919,1.4429169,1.0522919,0.39604187,-0.07270813,-0.01020813,0.31791687,0.44291687,0.55229187,1.2085419,2.2710419,1.7866669,0.56791687,0.22416687,0.19291687,-0.02583313,-0.16645813,-0.43208313,-1.4164581,-1.8383331,-1.1977081,-0.69770813,-0.68208313,-0.76020813,-0.96333313,-1.2602081,-1.5258331,-1.6352081,-1.7445831,-1.9477081
2.5835419,2.5991669,2.6772919,2.8179169,3.0054169,3.0835419,3.0835419,3.0210419,2.9429169,2.8179169,2.6616669,2.5991669,2.6147919,2.7866669,3.3335419,2.9272919,2.3804169,2.4116669,2.7397919,2.9429169,3.0522919,3.1460419,3.2085419,3.3179169,3.4585419,3.5054169,3.4272919,3.0835419,2.5054169,2.0366669,1.5835419,0.98979187,0.53666687,0.47416687,0.72416687,1.0210419,1.4741669,2.0991669,2.2554169,1.2554169,-0.07270813,-0.63520813,-0.82270813,-0.51020813,-0.30708313,-0.55708313,-1.0102081,-1.1039581,-0.82270813,-0.61958313,-0.66645813,-0.82270813,-1.1352081,-1.4945831,-1.7914581,-1.8383331,-1.8227081,-1.8852081
