leaflet-velocity-master/demo/--wind-global.json
{"header": { "discipline":0, "gribEdition":2, "gribLength":55731, "center":34, "subcenter":0, "refTime":"2021-04-14T06:00:00.000Z", "significanceOfRT":1, "productStatus":0, "productType":1, "productDefinitionTemplate":0, "parameterCategory":2, "parameterNumber":3, "parameterUnit":"m.s-1", "genProcessType":1, "forecastTime":0, "surface1Type":103, "surface1Value":10.0, "surface2Type":255, "surface2Value":-9.999E-252, "gridDefinitionTemplate":0, "numberPoints":40401, "shape":6, "gridUnits":"degrees", "resolution":48, "winds":"true", "scanMode":64, "nx":201, "ny":201, "basicAngle":0, "lo1":90.0, "la1":-5.0, "lo2":140.0, "la2":45.0, "dx":0.25, "dy":0.25 }, "data":
[rows 52 to 77 of 201, columns 0 to 56 of 201]
1.9009075,1.8384075,1.8071575,1.7602825,1.6821575,1.5884075,1.5259075,1.5102825,1.6040325,1.7915325,2.0415325,2.2602825,2.4477825,2.6040325,2.6665325,2.5727825,2.3540325,2.2290325,2.1821575,2.1509075,2.0571575,1.8540325,1.6352825,1.4790325,1.3227825,1.0884075,0.8540325,0.5415325,0.22903252,-0.052217484,-0.33346748,-0.5678425,-0.6459675,-0.38034248,0.22903252,0.6196575,0.5727825,0.29153252,0.15090752,-0.20846748,-0.6459675,-0.5365925,-0.036592484,0.40090752,0.5571575,0.6509075,0.7134075,0.7446575,0.8071575,0.9009075,0.9790325,1.0415325,1.0415325,0.9790325,0.9946575,1.1196575,1.1821575
2.0102825,1.9009075,1.8540325,1.8071575,1.7759075,1.6977825,1.5727825,1.4477825,1.3852825,1.4165325,1.5727825,1.7602825,1.9790325,2.1352825,2.2134075,2.2290325,2.1196575,1.9946575,1.9009075,1.8227825,1.7446575,1.6509075,1.5259075,1.3540325,1.1665325,0.9790325,0.8071575,0.5727825,0.30715752,0.10403252,-0.052217484,-0.08346748,-0.036592484,0.21340752,0.5884075,0.6040325,0.44778252,0.30715752,0.10403252,-0.11471748,-0.41159248,-0.11471748,0.44778252,0.8071575,0.9946575,1.0884075,1.0727825,1.0259075,1.0415325,1.0884075,1.1352825,1.1665325,1.1352825,1.0415325,0.9634075,1.0727825,1.2134075
2.0884075,1.9321575,1.8227825,1.7759075,1.8071575,1.8227825,1.7915325,1.6821575,1.5259075,1.3696575,1.3696575,1.5102825,1.6977825,1.8384075,1.9165325,1.9165325,1.8852825,1.8227825,1.6977825,1.5727825,1.4946575,1.4634075,1.4009075,1.2602825,1.0571575,0.8384075,0.6665325,0.41653252,0.19778252,0.08840752,0.15090752,0.33840752,0.5102825,0.41653252,0.5727825,0.7602825,0.7915325,0.5727825,0.27590752,-0.052217484,-0.20846748,0.24465752,0.7602825,1.0884075,1.3384075,1.4477825,1.4009075,1.3071575,1.2759075,1.2759075,1.2759075,1.2290325,1.1352825,1.0259075,0.9946575,1.1352825,1.3227825
2.1196575,1.9477825,1.8071575,1.6977825,1.6509075,1.6977825,1.7915325,1.8384075,1.7446575,1.5884075,1.5259075,1.6040325,1.7134075,1.7446575,1.6977825,1.6665325,1.6665325,1.6352825,1.5415325,1.4165325,1.3384075,1.2915325,1.2290325,1.1040325,0.8852825,0.6352825,0.36965752,0.13528252,0.041532516,0.15090752,0.46340752,0.9321575,1.2134075,0.6977825,0.33840752,0.6821575,0.9009075,0.46340752,-0.0053424835,-0.020967484,0.43215752,0.8227825,1.1196575,1.4165325,1.6352825,1.7290325,1.6821575,1.6352825,1.6040325,1.5415325,1.4477825,1.2759075,1.1352825,1.0884075,1.1509075,1.2915325,1.5259075
2.0884075,1.9009075,1.7602825,1.6040325,1.5259075,1.5415325,1.6509075,1.7915325,1.8384075,1.8227825,1.7915325,1.7915325,1.7602825,1.7290325,1.6821575,1.6509075,1.6509075,1.6352825,1.5727825,1.4946575,1.4009075,1.2602825,1.0884075,0.9165325,0.6665325,0.40090752,0.19778252,0.08840752,0.21340752,0.5102825,0.9321575,1.5259075,1.9790325,1.5727825,0.6977825,0.7290325,0.36965752,-0.052217484,-0.47409248,-0.14596748,0.8696575,1.2759075,1.5102825,1.7446575,1.8852825,1.9165325,1.9165325,1.9009075,1.8696575,1.7759075,1.5884075,1.3540325,1.2290325,1.2446575,1.2759075,1.3071575,1.4321575
2.0102825,1.8071575,1.6665325,1.5571575,1.4790325,1.4634075,1.5102825,1.6509075,1.8227825,1.9790325,1.9790325,1.9009075,1.8227825,1.7915325,1.7915325,1.7915325,1.8071575,1.8071575,1.7290325,1.5884075,1.4165325,1.1977825,0.9790325,0.7915325,0.5884075,0.43215752,0.35403252,0.43215752,0.6977825,1.0415325,1.4634075,2.0571575,2.6196575,2.1509075,0.6821575,0.5259075,0.10403252,-0.06784248,-0.23971748,-0.020967484,0.9321575,1.4946575,1.8071575,2.0259075,2.1196575,2.1509075,2.1665325,2.1509075,2.0727825,1.9165325,1.7134075,1.4790325,1.3852825,1.3540325,1.2915325,1.1821575,1.1509075
1.8852825,1.7134075,1.5727825,1.4634075,1.4165325,1.3540325,1.3227825,1.3696575,1.5415325,1.7134075,1.7915325,1.8384075,1.8696575,1.9165325,1.9477825,1.9477825,1.8852825,1.8071575,1.6821575,1.5259075,1.3852825,1.2446575,1.1665325,1.0884075,0.9946575,0.9165325,0.8696575,0.9321575,1.1665325,1.4477825,1.8227825,2.3696575,2.8540325,2.0884075,0.057157516,-0.20846748,-0.020967484,0.26028252,0.6509075,0.7602825,1.1509075,1.6665325,2.0884075,2.3384075,2.4321575,2.4634075,2.4321575,2.3227825,2.1040325,1.8852825,1.7290325,1.6352825,1.5727825,1.4321575,1.2134075,1.0415325,1.0259075
1.6977825,1.6040325,1.4790325,1.3540325,1.2602825,1.1977825,1.1352825,1.1509075,1.2134075,1.3071575,1.4477825,1.6196575,1.8227825,1.9321575,1.9790325,1.9477825,1.8852825,1.7602825,1.6352825,1.5259075,1.4790325,1.4790325,1.4946575,1.4477825,1.3384075,1.1665325,1.0259075,1.0259075,1.1977825,1.4946575,1.9165325,2.4009075,2.6665325,1.9790325,0.32278252,-0.23971748,0.10403252,0.6665325,1.2290325,1.5102825,1.6665325,1.9946575,2.3696575,2.6040325,2.6977825,2.6821575,2.5571575,2.3696575,2.1196575,1.8540325,1.7446575,1.7602825,1.7446575,1.5727825,1.2915325,1.1352825,1.1665325
1.4321575,1.3696575,1.2446575,1.1509075,1.0727825,1.0415325,1.0259075,1.0259075,1.0571575,1.1040325,1.1977825,1.4009075,1.6821575,1.8696575,1.9321575,1.9165325,1.8696575,1.8071575,1.7134075,1.6509075,1.6509075,1.6977825,1.6977825,1.5884075,1.3852825,1.1352825,0.9946575,1.0102825,1.2290325,1.5415325,1.9790325,2.3696575,2.4634075,1.9165325,0.6196575,-0.11471748,0.24465752,1.1040325,1.6665325,1.9946575,2.1977825,2.4634075,2.7290325,2.8540325,2.9009075,2.8227825,2.5884075,2.3852825,2.1665325,1.9321575,1.8384075,1.9790325,2.0415325,1.9321575,1.6977825,1.4946575,1.4634075
1.1821575,1.0884075,0.9790325,0.8852825,0.8696575,0.9009075,0.9634075,1.0727825,1.2290325,1.4165325,1.4321575,1.4321575,1.5415325,1.7134075,1.8384075,1.8696575,1.8540325,1.8852825,1.9321575,1.9477825,1.9321575,1.8852825,1.7915325,1.6196575,1.3852825,1.2134075,1.1352825,1.1977825,1.3696575,1.6509075,1.9946575,2.2446575,2.2915325,1.9634075,0.9321575,0.08840752,0.36965752,1.4165325,2.1040325,2.2915325,2.4946575,2.8384075,3.0571575,3.1040325,3.0415325,2.8227825,2.5259075,2.3540325,2.2602825,2.1509075,2.1509075,2.3540325,2.5884075,2.6665325,2.5884075,2.2915325,2.2446575
1.0415325,1.0259075,0.9321575,0.8540325,0.8540325,0.9009075,0.9946575,1.1352825,1.3227825,1.4009075,1.4009075,1.5884075,1.5727825,1.6665325,1.7915325,1.9009075,1.9790325,2.0571575,2.1665325,2.2290325,2.1821575,2.0571575,1.9009075,1.7446575,1.6040325,1.4946575,1.4321575,1.4477825,1.5884075,1.7759075,1.9634075,2.0571575,2.0571575,1.8384075,0.9634075,0.26028252,0.43215752,1.4946575,2.4790325,2.5727825,2.6665325,2.9477825,3.1509075,3.1665325,3.0571575,2.8071575,2.5415325,2.4477825,2.4477825,2.5102825,2.6196575,2.8540325,3.1509075,3.3696575,2.9009075,2.2290325,2.3384075
0.8696575,0.9321575,0.9634075,0.9477825,0.9321575,0.9477825,1.0102825,1.0884075,1.1040325,0.8384075,0.8384075,1.3696575,1.5102825,1.5727825,1.6977825,1.8852825,2.0884075,2.2290325,2.3071575,2.3384075,2.2915325,2.1821575,2.0415325,1.9165325,1.8071575,1.7759075,1.7915325,1.8227825,1.8696575,1.9165325,1.9321575,1.8852825,1.8540325,1.6196575,0.7602825,0.26028252,0.6040325,1.4009075,2.4634075,2.8852825,2.8384075,3.0259075,3.1509075,3.1352825,2.9946575,2.7759075,2.6665325,2.6665325,2.7446575,2.9009075,3.1196575,3.3540325,3.4634075,3.4321575,2.7915325,1.1977825,1.0415325
0.5884075,0.5571575,0.6352825,0.7602825,0.8696575,0.9165325,0.9321575,0.8852825,0.7446575,0.5102825,0.6196575,1.0259075,1.2290325,1.3071575,1.4009075,1.5571575,1.7759075,1.9634075,2.0571575,2.1040325,2.1196575,2.0727825,1.9634075,1.8696575,1.8227825,1.8852825,2.0259075,2.1509075,2.1352825,2.0415325,1.9477825,1.9165325,1.9009075,1.6509075,0.8852825,0.27590752,0.33840752,0.9477825,2.2915325,3.0727825,2.9009075,2.8852825,2.9634075,2.8540325,2.7759075,2.7446575,2.7134075,2.7759075,2.9165325,3.1509075,3.4165325,3.6040325,2.4321575,1.3071575,1.8227825,1.0102825,0.5102825
0.5884075,0.43215752,0.36965752,0.44778252,0.6040325,0.7759075,0.8696575,0.8540325,0.7759075,0.7759075,0.9165325,1.0259075,1.0571575,1.1196575,1.2134075,1.3071575,1.4477825,1.5884075,1.7290325,1.8384075,1.9009075,1.8852825,1.7915325,1.7290325,1.7290325,1.8384075,2.0102825,2.1821575,2.1509075,2.0102825,1.8696575,1.8071575,1.8071575,1.6977825,1.2290325,0.41653252,0.22903252,0.7915325,2.0102825,3.2446575,3.0102825,2.7134075,2.5727825,2.5102825,2.5884075,2.7290325,2.7915325,2.8071575,2.9165325,3.1040325,3.4009075,3.6196575,2.2915325,0.9634075,1.1821575,1.0259075,0.7446575
0.6352825,0.47903252,0.35403252,0.29153252,0.35403252,0.5102825,0.7134075,0.8696575,0.9946575,1.1665325,1.2759075,1.1821575,1.0727825,1.0884075,1.1665325,1.2134075,1.2759075,1.3540325,1.4790325,1.6196575,1.6977825,1.7290325,1.6821575,1.6665325,1.7290325,1.8540325,1.9946575,2.0884075,2.0102825,1.8227825,1.6040325,1.4321575,1.3696575,1.4634075,1.4165325,0.7290325,0.27590752,0.5102825,1.4946575,3.4009075,3.5102825,2.7759075,2.4009075,2.3227825,2.4009075,2.6040325,2.7759075,2.8384075,2.8227825,2.9477825,3.2446575,3.4634075,2.3696575,1.5415325,1.7915325,1.5259075,1.1509075
0.5415325,0.43215752,0.35403252,0.27590752,0.27590752,0.33840752,0.47903252,0.6821575,0.8852825,1.0415325,0.8852825,0.9634075,1.1665325,1.1040325,1.1040325,1.1040325,1.0571575,1.0727825,1.1665325,1.3071575,1.4165325,1.4946575,1.5571575,1.6196575,1.7290325,1.8696575,1.9321575,1.9009075,1.7290325,1.5102825,1.2446575,0.9946575,0.7446575,0.46340752,0.49465752,0.49465752,0.19778252,0.16653252,0.7134075,2.5727825,3.9321575,3.4165325,2.8384075,2.5415325,2.4009075,2.4165325,2.5727825,2.6665325,2.6821575,2.8540325,3.1977825,2.9165325,1.6977825,1.5259075,1.6196575,1.9321575,2.4946575
0.5415325,0.41653252,0.35403252,0.30715752,0.30715752,0.32278252,0.38528252,0.5102825,0.6196575,0.6665325,0.5571575,0.8384075,1.1821575,1.1196575,1.0727825,1.0259075,0.9165325,0.8384075,0.8384075,0.9165325,0.9946575,1.1040325,1.2290325,1.3540325,1.5259075,1.6665325,1.7446575,1.6665325,1.4790325,1.2446575,0.9946575,0.7915325,0.5884075,0.26028252,0.07278252,0.11965752,0.35403252,0.35403252,0.5259075,2.0259075,4.2446575,4.1352825,3.4634075,2.9165325,2.5884075,2.4477825,2.4321575,2.4634075,2.6196575,3.1352825,3.4009075,2.4009075,1.2915325,0.9321575,0.40090752,0.13528252,1.0102825
0.6821575,0.49465752,0.40090752,0.35403252,0.35403252,0.36965752,0.38528252,0.44778252,0.5415325,0.6196575,0.7134075,0.7759075,1.0727825,1.1352825,1.0884075,1.0571575,0.9477825,0.7915325,0.6509075,0.5571575,0.5415325,0.5884075,0.7134075,0.8696575,1.0571575,1.2602825,1.3696575,1.3852825,1.2446575,1.0259075,0.8227825,0.6821575,0.6509075,0.6665325,0.47903252,0.29153252,0.5727825,0.7134075,0.6352825,1.3227825,3.3384075,4.2602825,3.8071575,3.1977825,2.7446575,2.5102825,2.4321575,2.3696575,2.5727825,2.9321575,2.9321575,1.2759075,0.40090752,0.15090752,-0.052217484,-0.19284248,-0.31784248
0.8384075,0.6665325,0.5571575,0.49465752,0.49465752,0.49465752,0.44778252,0.43215752,0.49465752,0.5884075,0.6040325,0.47903252,0.8384075,1.0102825,0.9946575,1.0415325,1.0415325,0.9790325,0.8227825,0.6509075,0.47903252,0.35403252,0.32278252,0.36965752,0.5259075,0.6977825,0.8696575,0.9790325,0.9634075,0.8540325,0.6821575,0.5415325,0.46340752,0.30715752,0.041532516,0.26028252,0.7290325,0.9477825,0.9790325,0.8384075,1.6665325,3.3071575,3.7290325,3.4321575,3.0727825,2.7134075,2.5102825,2.6509075,1.9946575,1.7759075,1.9165325,0.9165325,-0.28659248,-0.42721748,-0.25534248,-0.39596748,-0.6615925
0.9477825,0.7915325,0.6977825,0.6352825,0.6352825,0.6196575,0.5571575,0.43215752,0.38528252,0.36965752,0.21340752,0.11965752,0.47903252,0.6665325,0.6977825,0.7915325,0.9009075,0.9634075,0.9634075,0.9165325,0.8071575,0.6196575,0.46340752,0.38528252,0.36965752,0.43215752,0.5415325,0.6509075,0.7134075,0.7134075,0.6352825,0.5102825,0.30715752,-0.0053424835,-0.052217484,0.36965752,0.6821575,0.5102825,0.35403252,0.18215752,0.9477825,2.5415325,3.5415325,3.6821575,3.0259075,2.3540325,2.1509075,2.3384075,1.6196575,1.2759075,1.1352825,0.32278252,-0.6303425,-0.8022175,-0.8178425,-0.8959675,-0.7865925
0.9946575,0.8384075,0.7602825,0.7290325,0.7446575,0.7446575,0.7290325,0.6509075,0.5102825,0.30715752,0.057157516,0.025907516,0.38528252,0.5102825,0.41653252,0.40090752,0.47903252,0.5571575,0.6665325,0.7915325,0.8696575,0.8384075,0.6977825,0.5884075,0.49465752,0.46340752,0.49465752,0.5415325,0.6352825,0.6821575,0.6977825,0.6040325,0.38528252,0.21340752,0.47903252,0.6352825,0.46340752,0.22903252,0.29153252,0.22903252,0.7915325,2.1040325,3.3071575,3.7446575,2.6040325,1.7602825,1.8227825,1.8227825,1.5415325,1.0415325,0.6352825,-0.13034248,-0.5834675,-0.6147175,-0.5053425,-0.19284248,0.18215752
1.0571575,0.9165325,0.8227825,0.7915325,0.8227825,0.8696575,0.9165325,0.9165325,0.8071575,0.5415325,0.26028252,0.13528252,0.33840752,0.6665325,0.5884075,0.41653252,0.30715752,0.26028252,0.27590752,0.36965752,0.49465752,0.6352825,0.6821575,0.6821575,0.6977825,0.7290325,0.7290325,0.7290325,0.7915325,0.8540325,0.8540325,0.7759075,0.6040325,0.5727825,0.9790325,0.9946575,0.5571575,0.15090752,0.08840752,0.29153252,1.1040325,2.3227825,3.3540325,3.7915325,2.4321575,1.3852825,1.4009075,1.1509075,1.0571575,0.9009075,0.9634075,0.47903252,0.041532516,-0.020967484,0.18215752,0.7134075,1.0727825
1.2290325,1.1665325,1.0571575,0.9321575,0.8852825,0.8852825,0.9321575,0.9321575,0.8696575,0.6821575,0.36965752,0.057157516,0.08840752,0.5727825,0.6821575,0.5727825,0.44778252,0.41653252,0.43215752,0.44778252,0.47903252,0.5884075,0.7134075,0.8071575,0.8540325,0.9009075,0.9009075,0.8696575,0.8540325,0.8540325,0.8696575,0.8852825,0.9165325,0.9165325,0.9790325,0.8071575,0.46340752,-0.08346748,-0.20846748,0.22903252,1.1821575,2.1352825,2.8071575,2.9634075,2.0415325,1.1977825,1.0571575,0.9009075,0.9790325,1.0415325,1.1040325,1.1665325,1.0727825,0.9790325,0.9321575,0.9165325,0.9790325
1.4477825,1.4634075,1.4165325,1.2290325,1.0571575,0.9634075,0.9165325,0.9009075,0.9009075,0.8384075,0.6196575,0.36965752,0.30715752,0.5102825,0.5884075,0.5415325,0.5102825,0.5259075,0.5884075,0.6040325,0.6196575,0.6977825,0.8384075,0.9321575,0.9477825,0.9165325,0.9009075,0.8696575,0.8071575,0.7602825,0.7915325,0.9321575,1.0884075,0.9009075,0.46340752,-0.0053424835,-0.7553425,-1.0678425,-0.6303425,0.15090752,0.9165325,1.4634075,1.9634075,1.8384075,1.5415325,1.2915325,1.3071575,1.2290325,1.2134075,1.2915325,1.6040325,1.9165325,1.7602825,1.5884075,1.5727825,1.1665325,0.9165325
1.5102825,1.5415325,1.5102825,1.4009075,1.2759075,1.2134075,1.1509075,1.0884075,1.0884075,1.0571575,0.9790325,0.8696575,0.8227825,0.8227825,0.7915325,0.7446575,0.6821575,0.6352825,0.6040325,0.5727825,0.5727825,0.6196575,0.7290325,0.8227825,0.8540325,0.8852825,0.9165325,0.9165325,0.8540325,0.8071575,0.8696575,1.0571575,1.1977825,0.8540325,0.27590752,-0.20846748,-0.9272175,-0.8959675,-0.16159248,0.8227825,1.2290325,1.2446575,1.3852825,1.3696575,1.4009075,1.5727825,1.6665325,1.5259075,1.1509075,1.2290325,1.5884075,1.6352825,1.1509075,1.0571575,1.3384075,1.1821575,0.9009075
1.6196575,1.5727825,1.5415325,1.5727825,1.5571575,1.5102825,1.4165325,1.3071575,1.2446575,1.1821575,1.1040325,1.0571575,1.0259075,1.0102825,0.9946575,0.9321575,0.8540325,0.7759075,0.6821575,0.5727825,0.5102825,0.5259075,0.6196575,0.7134075,0.8071575,0.8852825,0.9634075,0.9790325,0.9321575,0.9165325,0.9634075,1.1040325,1.2446575,0.9009075,0.19778252,-0.48971748,-0.6615925,0.10403252,0.8227825,1.6040325,1.7915325,1.5415325,1.1977825,1.2134075,1.5415325,1.5259075,1.4009075,1.2446575,0.7446575,0.33840752,0.40090752,0.7290325,0.7446575,0.7759075,1.0884075,1.3696575,1.2759075
