leaflet-velocity-master/demo/--wind-global.json
{"header": { "discipline":0, "gribEdition":2, "gribLength":55731, "center":34, "subcenter":0, "refTime":"2021-04-14T06:00:00.000Z", "significanceOfRT":1, "productStatus":0, "productType":1, "productDefinitionTemplate":0, "parameterCategory":2, "parameterNumber":3, "parameterUnit":"m.s-1", "genProcessType":1, "forecastTime":0, "surface1Type":103, "surface1Value":10.0, "surface2Type":255, "surface2Value":-9.999E-252, "gridDefinitionTemplate":0, "numberPoints":40401, "shape":6, "gridUnits":"degrees", "resolution":48, "winds":"true", "scanMode":64, "nx":201, "ny":201, "basicAngle":0, "lo1":90.0, "la1":-5.0, "lo2":140.0, "la2":45.0, "dx":0.25, "dy":0.25 }, "data":
[rows 52 to 77 of 201, columns 57 to 113 of 201]
1.1352825,1.0571575,1.0415325,1.0571575,1.0415325,0.9634075,0.8540325,0.6977825,0.5415325,0.36965752,0.16653252,-0.036592484,-0.31784248,-0.6303425,-0.8959675,-1.1772175,-1.3803425,-1.4740925,-1.5365925,-1.5990925,-1.6615925,-1.7865925,-2.0209675,-2.3022175,-2.5678425,-2.7709675,-2.8959675,-3.0053425,-3.0990925,-3.1772175,-3.2865925,-3.4115925,-3.4897175,-3.5522175,-3.5834675,-3.5990925,-3.5990925,-3.5990925,-3.5990925,-3.5522175,-3.3959675,-3.1615925,-2.8490925,-2.4428425,-2.0365925,-1.5990925,-1.1928425,-0.9897175,-1.0834675,-1.4115925,-1.6928425,-1.7240925,-2.2397175,-1.9584675,-1.2709675,-0.9272175,-0.9897175
1.2759075,1.3384075,1.4946575,1.6040325,1.4165325,1.1040325,0.8540325,0.6196575,0.40090752,0.19778252,-0.020967484,-0.22409248,-0.5053425,-0.8178425,-1.0834675,-1.3178425,-1.4584675,-1.5209675,-1.5834675,-1.6772175,-1.8022175,-2.0209675,-2.3022175,-2.5678425,-2.8022175,-2.9740925,-3.1147175,-3.3022175,-3.4897175,-3.6615925,-3.8334675,-3.9740925,-4.0365925,-4.0678425,-4.0522175,-4.0053425,-3.9584675,-3.8959675,-3.8647175,-3.7865925,-3.6459675,-3.4740925,-3.2553425,-3.0209675,-2.8022175,-2.5678425,-2.2709675,-1.9740925,-1.7865925,-1.8178425,-2.1147175,-2.6928425,-2.6928425,-1.5834675,-0.45846748,0.057157516,-0.052217484
1.5727825,1.9634075,2.5415325,2.6977825,2.1196575,1.4790325,0.8227825,0.47903252,0.33840752,0.19778252,-0.020967484,-0.23971748,-0.5365925,-0.8334675,-1.0678425,-1.2397175,-1.3803425,-1.4897175,-1.6459675,-1.8178425,-2.0209675,-2.2865925,-2.5522175,-2.7553425,-2.9272175,-3.0834675,-3.2553425,-3.5209675,-3.8178425,-4.0834675,-4.3022175,-4.3959675,-4.3959675,-4.3334675,-4.2397175,-4.1459675,-4.0522175,-3.9740925,-3.9115925,-3.8178425,-3.6772175,-3.5365925,-3.4115925,-3.3334675,-3.3022175,-3.2709675,-3.1772175,-2.9428425,-2.6147175,-2.4428425,-2.5678425,-3.2709675,-2.6147175,-0.6928425,0.5102825,0.9009075,0.5571575
1.9009075,2.4165325,2.6352825,1.8071575,1.6665325,1.9634075,1.1196575,0.5727825,0.41653252,0.32278252,0.16653252,-0.06784248,-0.39596748,-0.6772175,-0.8959675,-1.1303425,-1.3334675,-1.5522175,-1.7709675,-2.0209675,-2.2397175,-2.4740925,-2.6615925,-2.7709675,-2.8647175,-3.0209675,-3.2709675,-3.6303425,-4.0053425,-4.2709675,-4.4428425,-4.4272175,-4.3334675,-4.2084675,-4.1147175,-4.0209675,-3.9428425,-3.8803425,-3.8178425,-3.7553425,-3.7397175,-3.7865925,-3.8334675,-3.8490925,-3.8178425,-3.7865925,-3.6928425,-3.5678425,-3.4115925,-3.2084675,-3.3022175,-3.9897175,-3.7709675,-1.5053425,0.21340752,0.6509075,0.6665325
1.6352825,1.6665325,1.0884075,0.5727825,1.3071575,2.3384075,2.0571575,1.4321575,0.9946575,0.6665325,0.40090752,0.13528252,-0.19284248,-0.48971748,-0.7240925,-0.9897175,-1.2709675,-1.5365925,-1.8022175,-2.0522175,-2.2553425,-2.4272175,-2.5522175,-2.6147175,-2.6928425,-2.8803425,-3.1772175,-3.5365925,-3.8490925,-4.0365925,-4.1147175,-4.0522175,-3.9584675,-3.8647175,-3.8022175,-3.7553425,-3.7240925,-3.6928425,-3.6615925,-3.6615925,-3.8334675,-4.0209675,-4.1615925,-4.1772175,-4.0834675,-3.9272175,-3.8022175,-3.7397175,-3.7084675,-3.6928425,-3.7553425,-4.0522175,-4.3647175,-3.3959675,-1.6772175,-0.7553425,0.5102825
1.1509075,0.8540325,0.27590752,0.15090752,0.6665325,1.5571575,2.1977825,2.4790325,2.1040325,1.4165325,0.7759075,0.41653252,0.10403252,-0.19284248,-0.44284248,-0.7240925,-1.0365925,-1.3334675,-1.6459675,-1.9115925,-2.0834675,-2.2084675,-2.3178425,-2.4115925,-2.5522175,-2.7865925,-3.0522175,-3.3334675,-3.5365925,-3.6303425,-3.6459675,-3.6303425,-3.5990925,-3.5522175,-3.5209675,-3.5209675,-3.5365925,-3.5522175,-3.5365925,-3.6459675,-3.8334675,-4.0053425,-4.1303425,-4.1303425,-4.0365925,-3.8959675,-3.7865925,-3.7397175,-3.7865925,-3.8490925,-3.8490925,-3.8178425,-3.7084675,-3.6303425,-3.4740925,-2.6615925,-0.28659248
1.0884075,0.9321575,0.6821575,0.44778252,0.40090752,0.5102825,0.8852825,1.4321575,1.9009075,1.8696575,1.2290325,0.7759075,0.49465752,0.21340752,-0.0053424835,-0.27096748,-0.5990925,-0.9115925,-1.2397175,-1.5365925,-1.7240925,-1.9115925,-2.0834675,-2.2865925,-2.5209675,-2.7709675,-2.9740925,-3.1459675,-3.2397175,-3.2709675,-3.3022175,-3.3803425,-3.4272175,-3.4428425,-3.4428425,-3.4740925,-3.5053425,-3.5365925,-3.5678425,-3.6615925,-3.7397175,-3.7865925,-3.8334675,-3.8490925,-3.8490925,-3.7865925,-3.7397175,-3.7084675,-3.7084675,-3.6772175,-3.6147175,-3.4428425,-3.2240925,-3.0678425,-3.4428425,-4.0209675,-3.0678425
1.2915325,1.4477825,1.4321575,1.0102825,0.7915325,0.6821575,0.49465752,0.36965752,0.6821575,1.0727825,1.2134075,0.9165325,0.6665325,0.46340752,0.29153252,0.07278252,-0.20846748,-0.48971748,-0.8178425,-1.1303425,-1.4115925,-1.7084675,-2.0053425,-2.2709675,-2.5522175,-2.7709675,-2.9272175,-3.0365925,-3.0834675,-3.0990925,-3.1615925,-3.2709675,-3.3803425,-3.4584675,-3.4897175,-3.5209675,-3.5522175,-3.5834675,-3.6615925,-3.7397175,-3.7397175,-3.7084675,-3.7240925,-3.7709675,-3.7865925,-3.7709675,-3.7084675,-3.6303425,-3.5365925,-3.4272175,-3.3022175,-3.1459675,-3.0053425,-2.9584675,-3.0053425,-3.3647175,-3.8022175
1.7290325,2.1821575,2.5102825,1.9790325,1.2915325,1.1977825,1.0259075,0.6821575,0.5884075,1.0102825,1.4477825,1.1665325,0.7759075,0.5415325,0.41653252,0.26028252,0.08840752,-0.11471748,-0.39596748,-0.7553425,-1.0990925,-1.5053425,-1.9115925,-2.2397175,-2.5365925,-2.7397175,-2.8490925,-2.9272175,-2.9584675,-2.9740925,-3.0522175,-3.1615925,-3.3022175,-3.4272175,-3.5053425,-3.5522175,-3.5678425,-3.6459675,-3.7709675,-3.8647175,-3.8490925,-3.8022175,-3.8022175,-3.8490925,-3.8647175,-3.8022175,-3.6772175,-3.5522175,-3.4272175,-3.3022175,-3.1303425,-2.9428425,-2.9272175,-3.0053425,-3.0834675,-3.1303425,-3.3959675
2.6665325,2.3696575,1.9790325,1.7446575,1.4321575,1.6977825,2.0102825,1.9634075,1.9165325,1.8071575,2.2915325,2.6509075,2.2446575,1.6040325,1.0727825,0.6665325,0.33840752,0.13528252,-0.08346748,-0.34909248,-0.7084675,-1.1615925,-1.6303425,-2.0365925,-2.3959675,-2.6303425,-2.7553425,-2.8178425,-2.8334675,-2.8490925,-2.9272175,-3.0678425,-3.1928425,-3.3178425,-3.4428425,-3.4897175,-3.5834675,-3.7240925,-3.8803425,-3.9897175,-4.0053425,-3.9584675,-3.9428425,-3.9740925,-3.9584675,-3.8647175,-3.7397175,-3.6147175,-3.4740925,-3.3022175,-3.1147175,-3.0365925,-3.1303425,-3.3022175,-3.4740925,-3.5053425,-3.4897175
2.6977825,2.2602825,1.2446575,1.0415325,1.2290325,1.5415325,1.7915325,1.9009075,2.2134075,2.3071575,2.5415325,3.2915325,3.4009075,3.1977825,3.0102825,1.9634075,1.0259075,0.41653252,0.07278252,-0.14596748,-0.39596748,-0.7865925,-1.2709675,-1.7397175,-2.1615925,-2.4584675,-2.6147175,-2.7084675,-2.7709675,-2.8178425,-2.8959675,-3.0053425,-3.0990925,-3.2240925,-3.3490925,-3.4584675,-3.5834675,-3.7709675,-3.9428425,-4.0365925,-4.0522175,-4.0053425,-3.9740925,-3.9584675,-3.9272175,-3.8647175,-3.7865925,-3.6928425,-3.5365925,-3.3647175,-3.2865925,-3.3178425,-3.4584675,-3.5834675,-3.7240925,-3.7553425,-3.7240925
1.6352825,1.7759075,1.2602825,0.9321575,1.0571575,1.0102825,0.9321575,1.0884075,1.5102825,2.0415325,2.2915325,2.4165325,2.4790325,2.7134075,3.0415325,2.6821575,2.2446575,1.4165325,0.6352825,0.24465752,-0.06784248,-0.45846748,-0.9115925,-1.3803425,-1.8178425,-2.1615925,-2.3803425,-2.5522175,-2.6928425,-2.7865925,-2.8647175,-2.9428425,-3.0209675,-3.1303425,-3.2553425,-3.4115925,-3.5834675,-3.8022175,-3.9584675,-4.0365925,-4.0522175,-3.9897175,-3.9272175,-3.8803425,-3.8334675,-3.7865925,-3.7553425,-3.6928425,-3.5834675,-3.5053425,-3.5365925,-3.6459675,-3.7240925,-3.8022175,-3.8334675,-3.8959675,-3.9115925
1.2759075,1.4477825,1.4009075,1.1821575,1.0102825,0.9165325,0.7915325,0.7446575,0.7602825,0.9790325,1.4009075,1.1821575,0.9477825,1.2602825,1.9009075,2.1509075,2.6821575,3.3384075,3.1040325,1.8696575,0.7602825,-0.036592484,-0.5365925,-0.9272175,-1.3647175,-1.7397175,-2.0209675,-2.3178425,-2.5365925,-2.6772175,-2.7709675,-2.8178425,-2.8803425,-2.9428425,-3.0990925,-3.2865925,-3.5053425,-3.7397175,-3.8959675,-3.9740925,-3.9584675,-3.8959675,-3.8022175,-3.7240925,-3.6615925,-3.6147175,-3.5678425,-3.5678425,-3.5990925,-3.6928425,-3.8022175,-3.8334675,-3.8803425,-3.9115925,-3.9897175,-4.1147175,-4.0990925
1.1352825,1.3227825,1.4165325,1.2602825,1.0259075,0.9477825,0.9009075,0.7446575,0.5415325,0.6665325,1.0415325,0.8071575,0.5727825,0.9165325,1.3696575,1.6977825,2.3540325,3.6977825,4.0884075,3.0571575,1.8227825,0.46340752,-0.17721748,-0.5678425,-0.9897175,-1.3803425,-1.7397175,-2.0990925,-2.3490925,-2.5053425,-2.5990925,-2.6615925,-2.6928425,-2.7553425,-2.8803425,-3.0834675,-3.3490925,-3.5990925,-3.7553425,-3.8490925,-3.8647175,-3.8022175,-3.6928425,-3.5678425,-3.5053425,-3.4272175,-3.4428425,-3.5209675,-3.6615925,-3.8022175,-3.8647175,-3.8490925,-3.8334675,-3.8959675,-4.0522175,-4.1459675,-4.0209675
1.0571575,1.2759075,1.3540325,1.3071575,1.1509075,1.0415325,0.9634075,0.8227825,0.7602825,1.0415325,1.3540325,1.2134075,0.9165325,0.8384075,0.8540325,1.2602825,2.2759075,2.7290325,2.4321575,3.1040325,2.6821575,1.0884075,0.24465752,-0.19284248,-0.6303425,-1.0834675,-1.4740925,-1.8647175,-2.1459675,-2.3022175,-2.4115925,-2.4584675,-2.4897175,-2.5522175,-2.6615925,-2.8647175,-3.1459675,-3.3959675,-3.5678425,-3.6928425,-3.7553425,-3.7240925,-3.5990925,-3.4740925,-3.4115925,-3.3959675,-3.4584675,-3.5834675,-3.7397175,-3.8647175,-3.9115925,-3.8803425,-3.8490925,-3.8959675,-4.0522175,-4.0522175,-3.9272175
1.7290325,1.3852825,1.4321575,1.4321575,1.3540325,1.2759075,1.1665325,1.0415325,0.9477825,1.1509075,1.3384075,1.1509075,1.1665325,0.9321575,0.041532516,-0.036592484,1.4790325,2.2290325,2.3071575,2.2915325,2.1821575,1.6821575,0.7759075,0.24465752,-0.25534248,-0.7553425,-1.1928425,-1.5990925,-1.8959675,-2.0834675,-2.1928425,-2.2240925,-2.2709675,-2.3178425,-2.4428425,-2.6459675,-2.9115925,-3.1303425,-3.3334675,-3.5209675,-3.6303425,-3.6459675,-3.5678425,-3.4897175,-3.4897175,-3.5209675,-3.6147175,-3.7084675,-3.8022175,-3.9428425,-4.0209675,-4.0678425,-4.0365925,-4.0678425,-4.1772175,-4.1615925,-4.1303425
1.3384075,1.4634075,1.4009075,1.4790325,1.5102825,1.4477825,1.2446575,0.9634075,1.1040325,1.1040325,0.8696575,0.7759075,1.0415325,1.0102825,0.15090752,-0.47409248,-0.08346748,0.6977825,1.3696575,0.9321575,1.5415325,1.8227825,1.1040325,0.5884075,0.025907516,-0.5053425,-0.9584675,-1.3803425,-1.6928425,-1.8803425,-1.9897175,-2.0522175,-2.0678425,-2.1459675,-2.2865925,-2.4897175,-2.7240925,-2.9584675,-3.1459675,-3.3490925,-3.5053425,-3.5522175,-3.5834675,-3.5678425,-3.5990925,-3.6615925,-3.7084675,-3.7709675,-3.8647175,-4.0053425,-4.1303425,-4.1772175,-4.1928425,-4.2240925,-4.3490925,-4.4115925,-4.4584675
0.21340752,1.0727825,1.0102825,1.2290325,1.4165325,1.4165325,1.2446575,0.9165325,1.0102825,1.0259075,0.9321575,1.1509075,0.9946575,0.29153252,-0.45846748,-0.8803425,-1.5834675,-1.8647175,-0.9584675,-0.0053424835,1.3227825,1.8071575,1.2915325,0.8227825,0.27590752,-0.30221748,-0.7709675,-1.1772175,-1.4897175,-1.6615925,-1.7709675,-1.8334675,-1.8803425,-1.9740925,-2.1303425,-2.3178425,-2.5522175,-2.7709675,-2.9584675,-3.1772175,-3.3490925,-3.4740925,-3.5678425,-3.6147175,-3.6772175,-3.7240925,-3.7553425,-3.8178425,-3.9272175,-4.0365925,-4.1459675,-4.2084675,-4.2553425,-4.3803425,-4.5209675,-4.6615925,-4.7397175
-0.27096748,0.43215752,0.6665325,1.0102825,1.0415325,0.9009075,0.9321575,1.0415325,0.9165325,0.6977825,1.1509075,1.6352825,0.33840752,-1.8334675,-2.5678425,-1.9272175,-2.1772175,-2.6615925,-0.8959675,1.2134075,2.0571575,2.2446575,1.6040325,1.0727825,0.49465752,-0.13034248,-0.5990925,-1.0209675,-1.3178425,-1.4740925,-1.5365925,-1.5834675,-1.6303425,-1.7240925,-1.8803425,-2.0522175,-2.2709675,-2.5053425,-2.7553425,-3.0209675,-3.2240925,-3.3334675,-3.4428425,-3.5365925,-3.6459675,-3.7553425,-3.8334675,-3.8959675,-3.9584675,-4.0209675,-4.0990925,-4.1615925,-4.2553425,-4.4584675,-4.7084675,-4.8647175,-4.9115925
-0.22409248,0.5259075,0.9477825,1.2134075,1.1665325,1.0102825,1.1821575,1.5259075,1.2134075,0.5259075,0.44778252,0.33840752,-0.8022175,-1.8803425,-1.9428425,-1.6459675,-1.9740925,-2.2553425,-1.8334675,-0.06784248,1.6509075,2.8071575,2.1821575,1.3540325,0.6196575,-0.0053424835,-0.5053425,-0.9272175,-1.2240925,-1.3334675,-1.3334675,-1.3334675,-1.3647175,-1.4740925,-1.6147175,-1.7709675,-1.9740925,-2.2397175,-2.5365925,-2.8647175,-3.0678425,-3.1928425,-3.2865925,-3.4115925,-3.5678425,-3.7397175,-3.8647175,-3.9272175,-3.9584675,-3.9740925,-4.0053425,-4.0834675,-4.2084675,-4.4272175,-4.7240925,-4.8647175,-4.8803425
0.30715752,0.7446575,1.2915325,1.3071575,1.2134075,1.1196575,1.2290325,1.5727825,1.2759075,0.6509075,0.22903252,-0.23971748,-0.8178425,-1.0522175,-1.0365925,-1.0834675,-1.5678425,-1.4897175,-1.4115925,-1.1147175,0.15090752,2.5884075,2.5884075,1.6040325,0.7602825,0.10403252,-0.39596748,-0.8022175,-1.0522175,-1.1303425,-1.0990925,-1.0678425,-1.0990925,-1.1928425,-1.3334675,-1.4897175,-1.6928425,-1.9740925,-2.2865925,-2.5990925,-2.8178425,-2.9428425,-3.0678425,-3.2397175,-3.4272175,-3.6459675,-3.8178425,-3.8959675,-3.9272175,-3.9272175,-3.9115925,-3.9740925,-4.1147175,-4.3490925,-4.6615925,-4.8334675,-4.8022175
0.8852825,0.9790325,1.0415325,0.9321575,0.8384075,0.6665325,0.6977825,1.1977825,1.1977825,0.7134075,0.35403252,-0.020967484,-0.38034248,-0.6147175,-0.6615925,-1.0990925,-2.0990925,-1.1772175,0.6509075,0.40090752,0.7446575,2.2759075,2.3852825,1.6977825,0.9165325,0.26028252,-0.17721748,-0.5522175,-0.7553425,-0.8178425,-0.8022175,-0.7865925,-0.8178425,-0.8959675,-1.0522175,-1.2240925,-1.4584675,-1.7553425,-1.9897175,-2.2240925,-2.4428425,-2.5990925,-2.7709675,-2.9584675,-3.1772175,-3.4115925,-3.5990925,-3.7397175,-3.8334675,-3.8490925,-3.8178425,-3.8334675,-3.9740925,-4.2084675,-4.5522175,-4.7709675,-4.7553425
1.0259075,1.0415325,1.0102825,0.9790325,0.8071575,0.5727825,0.7134075,1.3227825,1.1977825,0.6977825,0.46340752,0.40090752,0.057157516,-0.30221748,-0.33346748,-0.08346748,-0.23971748,0.22903252,0.6977825,0.43215752,1.4790325,2.4477825,2.2446575,1.6821575,1.0259075,0.44778252,0.041532516,-0.25534248,-0.44284248,-0.5209675,-0.5522175,-0.5834675,-0.6303425,-0.7084675,-0.8803425,-1.0678425,-1.3178425,-1.5834675,-1.8022175,-1.9897175,-2.1928425,-2.3647175,-2.5365925,-2.7240925,-2.9272175,-3.1615925,-3.3334675,-3.4897175,-3.6459675,-3.7397175,-3.7397175,-3.7397175,-3.8490925,-4.0834675,-4.4115925,-4.6772175,-4.6615925
0.9009075,0.7290325,0.7602825,0.8696575,0.9165325,0.8696575,1.1665325,1.3696575,1.1040325,0.6196575,0.9009075,0.6665325,0.18215752,0.15090752,0.5415325,1.3227825,2.3384075,2.0259075,-0.020967484,0.0102825165,2.1196575,2.9321575,2.2915325,1.7290325,1.1665325,0.6821575,0.32278252,0.041532516,-0.16159248,-0.25534248,-0.31784248,-0.39596748,-0.47409248,-0.5678425,-0.7240925,-0.9115925,-1.1615925,-1.4115925,-1.6303425,-1.8647175,-2.0834675,-2.2553425,-2.4272175,-2.5990925,-2.8022175,-2.9897175,-3.1459675,-3.2709675,-3.4584675,-3.6147175,-3.6772175,-3.6928425,-3.7709675,-3.9584675,-4.2709675,-4.5209675,-4.5522175
0.7915325,0.9165325,0.9634075,1.0727825,1.1977825,1.2134075,1.3540325,1.1977825,0.6821575,0.6665325,1.2290325,0.7759075,0.38528252,0.6665325,0.8071575,0.8227825,1.7446575,1.8227825,0.22903252,0.36965752,2.5571575,3.3852825,2.4946575,1.8384075,1.3696575,0.9477825,0.6509075,0.36965752,0.13528252,-0.0053424835,-0.09909248,-0.23971748,-0.34909248,-0.44284248,-0.5834675,-0.7709675,-1.0209675,-1.2865925,-1.5365925,-1.8022175,-2.0834675,-2.2865925,-2.4272175,-2.5834675,-2.7397175,-2.9272175,-3.0522175,-3.1615925,-3.3178425,-3.4897175,-3.5990925,-3.6615925,-3.7397175,-3.8803425,-4.0990925,-4.3178425,-4.3959675
1.4009075,1.4009075,1.6040325,1.8071575,1.6352825,1.3384075,1.1821575,1.1509075,0.8227825,0.7290325,0.8696575,0.7915325,0.6509075,0.40090752,0.07278252,-0.17721748,0.30715752,0.8227825,0.43215752,0.30715752,2.4790325,3.5102825,2.6352825,1.9946575,1.5415325,1.1821575,0.9009075,0.6352825,0.38528252,0.21340752,0.041532516,-0.13034248,-0.28659248,-0.42721748,-0.5990925,-0.8022175,-1.0678425,-1.3647175,-1.5990925,-1.8334675,-2.0678425,-2.2553425,-2.4272175,-2.5522175,-2.6772175,-2.8334675,-2.9740925,-3.0990925,-3.2240925,-3.3959675,-3.5209675,-3.6147175,-3.7084675,-3.8334675,-3.9897175,-4.1303425,-4.2240925
