leaflet-velocity-master/demo/2wind-global.json
{"header": { "discipline":0, "gribEdition":2, "gribLength":14206, "center":34, "subcenter":0, "refTime":"2021-04-14T06:00:00.000Z", "significanceOfRT":1, "productStatus":0, "productType":1, "productDefinitionTemplate":0, "parameterCategory":2, "parameterNumber":2, "parameterUnit":"m.s-1", "genProcessType":1, "forecastTime":0, "surface1Type":103, "surface1Value":10.0, "surface2Type":255, "surface2Value":-9.999E-252, "gridDefinitionTemplate":0, "numberPoints":10201, "shape":6, "gridUnits":"degrees", "resolution":48, "winds":"true", "scanMode":64, "nx":101, "ny":101, "basicAngle":0, "lo1":90.0, "la1":-5.0, "lo2":140.0, "la2":45.0, "dx":0.5, "dy":0.5 }, "data":
[rows 50 to 74 of 101, columns 0 to 57 of 101]
2.7040691,2.6103191,2.4071941,2.5321941,2.3915691,2.6728191,4.016569,3.0321941,5.000944,-1.7646809,-0.35843086,1.4228191,-0.74905586,3.1728191,1.2040691,-0.07718086,1.6728191,0.93844414,0.73531914,-0.18655586,-0.38968086,0.93844414,2.7665691,2.9696941,1.3446941,2.1103191,1.4384441,2.8134441,2.2196941,-1.1396809,-2.0303059,-1.9834309,-2.0928059,-2.2178059,-1.2803059,-0.57718086,-0.26468086,0.047819138,0.56344414,1.1728191,-2.0146809,-3.3115559,-3.4990559,-2.3740559,-2.5615559,-2.7178059,-3.0303059,-3.3115559,-3.5771809,-4.092806,-4.452181,-4.577181,-4.827181,-4.936556,-5.014681,-5.061556,-5.280306,-5.514681
2.5946941,2.5634441,2.4696941,2.3915691,2.3446941,3.1259441,1.8759441,3.5790691,0.68844414,-1.4834309,0.93844414,9.441376E-4,1.2821941,6.063444,1.2196941,0.46969414,0.53219414,1.1884441,2.4228191,1.8446941,-0.68655586,1.1415691,2.7821941,3.2978191,2.2665691,0.86031914,2.0634441,1.5946941,0.82906914,-0.74905586,-1.8115559,-1.8115559,-1.0928059,-1.5771809,-2.1396809,-1.4209309,-0.38968086,-0.09280586,-0.63968086,0.40719414,-1.4521809,-3.7646809,-3.0303059,-2.5146809,-2.6865559,-2.8896809,-3.2959309,-3.6084309,-3.6709309,-3.7803059,-4.280306,-4.499056,-4.780306,-5.124056,-4.983431,-4.827181,-5.045931,-5.077181
2.1728191,1.9540691,2.1884441,2.0009441,2.9228191,2.2353191,1.2509441,4.032194,-2.1553059,-1.5771809,0.78219414,-0.68655586,1.6259441,4.141569,0.89156914,1.7821941,0.43844414,-1.4209309,3.9071941,4.188444,0.14156914,0.12594414,1.9540691,2.1103191,1.6571941,0.016569138,1.0009441,1.9853191,1.0165691,0.92281914,-1.5771809,-1.4053059,-0.98343086,-1.0303059,-1.9834309,-1.9053059,-0.90530586,-1.1084309,-0.65530586,0.84469414,-1.8115559,-3.6396809,-2.5771809,-3.0771809,-3.1240559,-3.2334309,-3.5303059,-3.7178059,-3.5771809,-3.0615559,-3.7646809,-4.499056,-5.014681,-5.655306,-5.467806,-4.967806,-4.717806,-4.764681
1.7821941,1.5478191,1.6259441,1.9540691,3.2665691,3.7509441,2.8759441,6.407194,-4.780306,-1.4834309,-1.4365559,-0.42093086,0.21969414,3.4853191,1.0321941,3.0009441,9.441376E-4,-0.23343086,3.0790691,3.1103191,1.7040691,1.5946941,1.2978191,1.8446941,1.1728191,0.84469414,0.79781914,0.61031914,2.0165691,-1.5146809,-1.8896809,-1.2334309,-0.96780586,-0.07718086,-0.43655586,-0.48343086,-0.67093086,-1.7646809,-0.21780586,-0.31155586,-0.82718086,-1.9678059,-2.4053059,-2.6865559,-3.5459309,-3.5771809,-3.4678059,-3.6553059,-4.108431,-3.9990559,-4.749056,-5.577181,-5.670931,-5.795931,-5.889681,-5.561556,-4.764681,-4.014681
0.15719414,0.57906914,1.2040691,1.8759441,3.6884441,3.5165691,4.594694,4.860319,-1.9365559,-2.1240559,-1.4209309,-1.1240559,0.36031914,3.1884441,1.3134441,2.9228191,1.0790691,0.53219414,1.9853191,4.110319,2.7821941,1.4540691,0.047819138,1.6103191,0.87594414,0.54781914,0.48531914,0.62594414,1.4384441,-1.9834309,-0.96780586,-0.71780586,0.11031914,0.37594414,0.70406914,0.18844414,-0.21780586,-0.82718086,0.12594414,-0.18655586,-0.51468086,-1.0771809,9.441376E-4,-0.93655586,-0.57718086,-1.3428059,-2.5615559,-3.6240559,-5.374056,-5.686556,-6.202181,-6.655306,-6.264681,-5.764681,-5.670931,-5.639681,-5.077181,-4.108431
0.07906914,-0.35843086,-0.34280586,1.5946941,2.3915691,3.0946941,4.016569,5.063444,-2.2490559,-1.9990559,-0.85843086,-0.030305862,1.2196941,4.766569,2.7821941,1.3915691,3.5321941,0.26656914,2.8290691,2.6103191,3.1728191,0.36031914,1.6103191,0.45406914,0.73531914,0.82906914,-0.40530586,1.7665691,-2.1553059,-0.67093086,-0.46780586,0.28219414,-0.17093086,0.37594414,0.48531914,0.32906914,-0.061555862,-0.40530586,-0.10843086,0.40719414,-0.31155586,0.53219414,1.8134441,-1.2959309,0.047819138,-0.63968086,-0.87405586,-2.1084309,-2.5146809,-5.686556,-6.342806,-6.639681,-6.967806,-6.436556,-6.264681,-5.936556,-5.358431,-4.577181
0.82906914,0.59469414,-0.24905586,0.98531914,0.87594414,3.0634441,4.360319,6.110319,-2.8271809,-0.46780586,0.12594414,1.2509441,1.9228191,1.3759441,5.610319,1.0321941,3.6571941,1.0790691,3.6884441,3.8290691,2.0634441,1.6571941,3.0478191,-0.09280586,1.5634441,-0.31155586,0.32906914,0.48531914,1.6259441,0.36031914,-1.1865559,0.28219414,-0.31155586,0.43844414,0.34469414,-0.12405586,-0.10843086,0.20406914,-0.28030586,0.15719414,0.75094414,1.2353191,0.67281914,-0.37405586,-0.29593086,-0.71780586,-0.85843086,-0.54593086,-0.20218086,-0.32718086,-0.82718086,-1.1709309,-2.6709309,-5.874056,-7.561556,-6.952181,-5.905306,-5.249056
0.45406914,1.2665691,1.1259441,0.96969414,-0.12405586,2.9696941,4.719694,6.297819,-3.2178059,0.34469414,-0.17093086,2.0009441,0.28219414,0.71969414,3.2665691,5.282194,6.063444,3.3446941,2.3290691,3.0634441,3.0009441,1.8290691,2.8134441,1.4384441,0.96969414,1.5634441,1.7978191,3.1728191,1.9384441,1.4540691,0.92281914,-0.79593086,-0.32718086,-0.15530586,-1.2334309,-0.71780586,-0.32718086,-0.24905586,-1.0615559,-0.061555862,0.78219414,1.1728191,0.06344414,0.46969414,0.07906914,-0.79593086,-0.59280586,0.06344414,0.25094414,0.61031914,0.71969414,-0.09280586,-2.0615559,-2.3584309,-6.717806,-8.327181,-6.905306,-6.217806
-0.57718086,0.17281914,0.39156914,0.57906914,0.64156914,2.1571941,4.125944,5.204069,0.37594414,-0.54593086,0.76656914,3.0790691,0.016569138,0.64156914,0.31344414,6.000944,4.032194,4.454069,3.3759441,2.5009441,3.2821941,2.5009441,2.3290691,1.7353191,3.0478191,5.610319,3.3134441,3.0946941,3.8134441,1.3290691,0.82906914,-3.2959309,-2.5146809,-2.0771809,-1.9990559,-0.99905586,-0.60843086,-1.0303059,-2.6865559,-0.32718086,1.8134441,-0.34280586,0.06344414,-0.061555862,0.26656914,0.56344414,-0.21780586,0.75094414,0.37594414,0.26656914,1.0946941,0.25094414,-0.26468086,-0.42093086,-1.7021809,-4.280306,-7.514681,-7.702181
-0.93655586,-0.87405586,-0.84280586,-0.73343086,0.016569138,1.6259441,2.8915691,4.313444,4.969694,-0.56155586,0.43844414,1.2821941,1.1728191,-0.38968086,-1.3584309,3.3759441,2.9540691,2.9071941,2.7978191,2.3759441,3.2196941,3.9696941,4.250944,3.7353191,5.235319,6.422819,4.422819,4.047819,1.8446941,-2.3896809,-2.9053059,-3.9834309,-1.7803059,-1.6084309,-1.6709309,-1.6709309,-2.8428059,-3.5303059,-3.2803059,-0.98343086,-0.12405586,-0.15530586,-1.2803059,0.34469414,0.36031914,0.07906914,0.18844414,0.016569138,0.25094414,9.441376E-4,0.15719414,0.95406914,0.54781914,0.09469414,-1.5928059,-2.4521809,-4.233431,-6.545931
-1.5459309,-1.6396809,-1.5928059,-1.0459309,-0.13968086,1.2821941,1.0478191,3.9853191,2.9853191,3.7665691,-2.6084309,0.73531914,0.09469414,0.07906914,-1.4521809,1.6884441,3.3134441,2.9853191,3.7665691,4.422819,3.3290691,5.141569,4.063444,3.2665691,4.313444,4.844694,5.860319,5.954069,4.532194,-1.1709309,-2.7803059,-3.0615559,-3.4678059,-2.9521809,-1.5928059,-3.1709309,-0.78030586,-0.74905586,-2.5771809,-0.37405586,-0.70218086,0.95406914,-1.4990559,-0.38968086,-0.20218086,-0.061555862,0.71969414,-1.5146809,-1.4990559,-0.59280586,0.71969414,0.62594414,0.45406914,0.09469414,-0.74905586,-1.1240559,-2.3896809,-2.9209309
-0.28030586,-0.60843086,1.8603191,2.0009441,-0.56155586,-2.0146809,-1.5303059,1.3446941,2.5946941,1.6884441,-2.0303059,-0.29593086,0.89156914,-0.53030586,1.0321941,-0.79593086,4.422819,1.7978191,3.7196941,4.313444,5.079069,5.469694,7.938444,4.032194,5.125944,3.7040691,4.375944,4.000944,3.7509441,-1.2021809,-3.4990559,-2.7803059,-3.1084309,-3.1865559,-1.2803059,-2.1553059,-1.4209309,-1.0146809,-0.96780586,0.81344414,-0.70218086,-1.2021809,-1.3428059,-1.2959309,-0.63968086,0.15719414,0.79781914,0.39156914,-1.2021809,-0.13968086,1.3446941,0.047819138,0.34469414,0.64156914,0.12594414,-1.0146809,-1.5928059,-2.2959309
-2.3428059,-2.9521809,-1.5771809,-1.6709309,-2.8271809,-2.9209309,-0.67093086,-2.3271809,1.3603191,3.1415691,4.282194,-3.3271809,0.68844414,-1.2334309,1.7353191,-0.46780586,1.6259441,3.7040691,3.3759441,4.657194,4.688444,3.2978191,4.391569,1.1259441,3.3603191,3.1728191,2.8759441,2.2509441,3.5321941,-3.2178059,-3.1240559,-1.9678059,-2.1709309,-3.2490559,-3.4053059,-2.4365559,-0.81155586,-1.9834309,-1.1396809,0.09469414,0.90719414,-1.4365559,-2.1240559,-0.79593086,-0.24905586,0.016569138,0.48531914,1.4540691,-0.78030586,-0.43655586,1.1103191,0.40719414,0.15719414,0.21969414,-0.43655586,-0.09280586,-1.8740559,-2.6084309
-2.8271809,-2.5303059,-2.6553059,-3.0459309,-3.2646809,-3.0459309,-2.4521809,-2.2803059,-0.76468086,0.76656914,2.6103191,-1.7959309,-1.2646809,0.09469414,2.7821941,-2.0771809,2.6103191,2.7509441,2.9071941,4.000944,4.485319,1.6103191,2.4540691,4.329069,3.1884441,3.2978191,2.5946941,2.4696941,-0.23343086,-2.6084309,-2.4053059,-2.2021809,-2.0146809,-2.2490559,-3.1240559,-3.0459309,-1.5771809,-1.0615559,-0.90530586,-0.35843086,-0.79593086,-1.0146809,-0.46780586,-1.1396809,-0.46780586,0.50094414,1.1103191,0.76656914,-0.70218086,-0.76468086,0.84469414,0.76656914,-0.42093086,0.57906914,-0.68655586,-1.4678059,-1.7803059,-1.9209309
-1.6865559,-0.13968086,-0.62405586,0.76656914,-0.71780586,-2.0771809,-0.71780586,-1.9990559,-2.7021809,-2.1865559,-0.67093086,0.70406914,-0.07718086,1.2509441,1.5634441,-1.6240559,2.6884441,0.45406914,3.9228191,4.141569,4.047819,1.7665691,3.2040691,0.29781914,0.28219414,2.3603191,0.53219414,-1.1553059,-0.60843086,-2.5771809,-2.1396809,-1.2178059,-1.9365559,-1.7021809,-2.4053059,-3.9053059,-3.6240559,-2.4053059,-1.2178059,-0.87405586,-0.31155586,-1.6084309,-1.3115559,-0.99905586,-0.82718086,0.18844414,0.12594414,-0.53030586,-1.5615559,-0.71780586,0.15719414,0.79781914,-0.045930862,0.047819138,0.39156914,-1.3896809,-1.3584309,-1.4521809
1.3134441,-0.09280586,-2.6084309,0.86031914,1.7509441,-2.0459309,1.2509441,-1.7959309,-2.0928059,-1.7178059,-1.7490559,-0.65530586,1.2665691,2.6728191,-0.90530586,0.46969414,1.5165691,1.8446941,3.3134441,2.6571941,4.188444,3.0321941,2.7040691,4.719694,-1.7959309,1.4540691,-3.2959309,-1.4990559,-2.1709309,-1.4678059,-0.79593086,-0.46780586,-1.8740559,-1.8271809,-1.6553059,-2.2178059,-1.7021809,-2.9990559,-1.4834309,-1.7178059,-0.67093086,-0.68655586,-1.2490559,-0.85843086,-0.59280586,-0.26468086,-0.030305862,-0.68655586,-1.2334309,-1.5303059,-0.79593086,-0.62405586,-0.63968086,0.29781914,1.2509441,-0.87405586,-2.2959309,-1.2178059
2.0946941,0.14156914,-1.9990559,2.0634441,1.9540691,2.0946941,-3.9834309,-0.87405586,-2.2021809,-1.2334309,-0.92093086,-0.68655586,0.92281914,2.0634441,3.7665691,-1.9678059,1.2196941,1.5790691,3.2353191,2.4853191,4.297819,2.5009441,2.4228191,1.2821941,-3.8115559,3.5321941,-2.9521809,-2.2334309,-1.6709309,-0.54593086,0.15719414,0.64156914,-1.8428059,-1.2803059,-1.9521809,-1.8740559,-1.2646809,-1.1553059,-1.5928059,-2.2646809,-1.4521809,-2.2021809,-1.4990559,-0.56155586,0.09469414,0.06344414,0.12594414,-0.92093086,-2.6240559,-1.3896809,-0.85843086,-0.93655586,-0.68655586,-1.0459309,-0.40530586,-0.030305862,-0.65530586,-0.98343086
2.2978191,0.62594414,2.3134441,-0.045930862,1.9228191,1.7978191,-1.9834309,-1.7490559,-0.81155586,-3.0615559,-0.31155586,-1.3115559,-0.15530586,0.016569138,0.90719414,4.157194,1.2665691,0.40719414,1.1415691,2.2353191,5.641569,2.5321941,2.3446941,-1.4678059,-2.1553059,0.92281914,-0.84280586,-2.4678059,-0.98343086,-0.21780586,0.68844414,1.2353191,0.56344414,-0.51468086,-1.5303059,-1.6240559,-2.4053059,-2.3584309,-2.4834309,-2.5615559,-2.7646809,-3.2178059,-3.1396809,-0.32718086,0.86031914,0.56344414,0.032194138,-0.43655586,-1.1240559,-1.2178059,-1.3896809,-1.2178059,-1.2490559,-1.6396809,-2.3896809,-2.1553059,-2.3896809,-1.1240559
3.7196941,-1.8740559,1.2353191,0.36031914,2.7509441,0.46969414,1.5946941,-0.13968086,-1.8740559,-3.4053059,1.5478191,-0.10843086,1.6571941,1.7196941,0.40719414,2.1728191,0.70406914,1.2978191,0.67281914,1.8446941,4.563444,3.8915691,1.8446941,4.516569,-2.3740559,-1.9990559,-1.2646809,-1.8896809,0.21969414,1.2821941,0.95406914,1.4540691,1.5009441,-0.43655586,-0.34280586,-2.2646809,-2.0146809,-1.3584309,-1.8740559,-1.9521809,-1.9365559,-3.4053059,-2.7646809,-0.35843086,0.45406914,0.07906914,0.06344414,0.12594414,-2.3271809,-2.1396809,-2.5146809,-1.8115559,-1.0459309,-1.9678059,-2.7334309,-2.3740559,-3.6084309,-2.9834309
0.90719414,1.4228191,-0.38968086,2.8446941,2.1571941,3.0321941,1.2040691,0.18844414,-0.62405586,-0.70218086,-2.5615559,2.9853191,1.8134441,4.063444,-0.85843086,0.67281914,5.047819,2.7353191,2.8446941,3.7978191,5.938444,4.875944,1.8759441,6.079069,-3.4990559,-1.0615559,-1.3271809,-1.4990559,0.78219414,0.43844414,0.23531914,0.76656914,0.36031914,-0.29593086,-0.061555862,-1.0928059,-1.7334309,-0.82718086,-1.5771809,-1.2959309,-1.7803059,-4.108431,-1.9678059,-0.71780586,0.51656914,0.14156914,-0.26468086,-1.0146809,-1.2646809,-3.4990559,-4.561556,-3.8896809,-1.2334309,-0.54593086,-2.0146809,-2.4521809,-2.8115559,-2.8115559
3.5946941,0.87594414,-1.1709309,1.2353191,4.469694,2.1571941,1.7509441,0.53219414,1.0946941,-0.95218086,-1.0615559,2.1415691,1.6103191,3.8759441,-0.99905586,4.985319,2.1103191,5.844694,1.1259441,6.375944,6.235319,6.047819,1.2353191,7.094694,-1.7178059,-1.9678059,-1.6084309,-0.62405586,-0.061555862,0.12594414,9.441376E-4,0.09469414,0.53219414,-0.28030586,-1.1396809,-0.82718086,-1.1709309,-1.8271809,-0.95218086,0.20406914,-0.65530586,-2.1396809,-2.1240559,-0.49905586,0.25094414,-0.030305862,-0.56155586,-0.87405586,-0.76468086,-1.1240559,-2.9365559,-3.2803059,-3.6396809,-2.3896809,-0.85843086,-1.7021809,-1.9678059,-2.0303059
2.6259441,2.7821941,1.8134441,3.6103191,4.157194,3.3446941,3.3446941,2.3759441,0.73531914,0.68844414,1.9696941,1.9696941,2.4540691,2.1884441,5.813444,1.0946941,4.141569,6.438444,2.9696941,7.016569,5.485319,3.9540691,2.9540691,5.469694,-2.5146809,-2.2803059,-2.4990559,-1.1396809,-0.34280586,-0.87405586,-0.85843086,-0.51468086,-0.15530586,-0.23343086,-1.0615559,-1.8271809,-1.1865559,-0.60843086,-1.0303059,-1.7959309,-3.4678059,-2.4521809,-1.0928059,0.032194138,-0.23343086,-0.45218086,-0.74905586,-0.90530586,-1.0928059,-1.0928059,-1.0615559,-2.3271809,-3.1709309,-2.6709309,-1.7178059,-1.7803059,-1.7803059,-2.0146809
5.360319,2.7978191,4.782194,4.657194,4.157194,4.188444,5.329069,4.516569,3.4384441,2.7040691,2.7040691,2.7353191,3.7509441,5.000944,2.4540691,4.891569,4.922819,3.8134441,2.9071941,5.860319,7.797819,7.422819,3.1884441,3.5165691,-0.38968086,0.54781914,-1.1709309,-1.8896809,-1.3896809,-1.0459309,-1.2959309,-1.1553059,-0.74905586,-0.62405586,-1.5303059,-2.2959309,-2.5928059,-2.0459309,-1.8271809,-1.7490559,-1.9365559,-1.4365559,-1.0459309,-1.7490559,-0.78030586,-0.35843086,-1.4834309,-1.7646809,-1.8740559,-1.9053059,-1.6865559,-1.6709309,-1.6865559,-2.8428059,-1.9053059,-2.1553059,-2.4990559,-2.9053059
6.329069,5.532194,5.344694,4.813444,4.860319,5.625944,4.875944,5.094694,4.375944,3.7196941,3.5321941,4.375944,4.938444,3.6415691,3.0790691,5.704069,5.516569,3.1415691,3.6259441,5.938444,3.4228191,2.7821941,4.500944,4.891569,0.29781914,4.094694,-2.7646809,-1.5928059,-2.6553059,-1.4990559,-1.4678059,-1.2959309,-1.2490559,-0.96780586,-1.1709309,-1.6396809,-2.0771809,-0.60843086,-1.3271809,-0.15530586,0.032194138,-0.45218086,-1.3740559,-1.2178059,-0.38968086,-0.17093086,-2.0771809,-1.8428059,-2.2803059,-2.3584309,-3.2490559,-4.061556,-3.6709309,-2.4990559,-2.3740559,-3.1553059,-2.6553059,-2.3271809
8.032194,7.657194,6.485319,5.797819,7.000944,6.047819,5.922819,5.766569,5.750944,5.860319,5.079069,4.688444,3.8759441,4.594694,4.157194,6.610319,7.094694,4.704069,5.172819,4.329069,5.125944,4.829069,1.9384441,1.7196941,0.62594414,2.5165691,-1.3584309,-2.2959309,-2.6709309,-1.5303059,-1.4053059,-0.79593086,-1.0615559,-1.3428059,-1.3115559,-0.82718086,-0.014680862,0.62594414,0.17281914,-2.5459309,-1.2334309,-3.3896809,-2.6553059,-1.6240559,0.14156914,-0.030305862,-0.92093086,-1.8428059,-2.5771809,-2.5303059,-2.7490559,-3.1240559,-2.5771809,-2.2803059,-2.1553059,-2.0459309,-2.1396809,-1.7803059
