leaflet-velocity-master/demo/2wind-global.json
{"header": { "discipline":0, "gribEdition":2, "gribLength":14206, "center":34, "subcenter":0, "refTime":"2021-04-14T06:00:00.000Z", "significanceOfRT":1, "productStatus":0, "productType":1, "productDefinitionTemplate":0, "parameterCategory":2, "parameterNumber":2, "parameterUnit":"m.s-1", "genProcessType":1, "forecastTime":0, "surface1Type":103, "surface1Value":10.0, "surface2Type":255, "surface2Value":-9.999E-252, "gridDefinitionTemplate":0, "numberPoints":10201, "shape":6, "gridUnits":"degrees", "resolution":48, "winds":"true", "scanMode":64, "nx":101, "ny":101, "basicAngle":0, "lo1":90.0, "la1":-5.0, "lo2":140.0, "la2":45.0, "dx":0.5, "dy":0.5 }, "data":
[rows 0 to 24 of 101, columns 0 to 57 of 101]
-2.5771809,-1.9209309,-0.96780586,-0.51468086,-0.46780586,-0.68655586,-0.37405586,0.09469414,0.15719414,0.14156914,0.28219414,0.73531914,0.87594414,1.4540691,1.8446941,2.0009441,2.0165691,1.7353191,1.7196941,1.4228191,1.0009441,0.31344414,0.45406914,0.25094414,-0.32718086,-0.20218086,0.15719414,1.1415691,1.1415691,-1.1709309,-1.1240559,0.25094414,0.28219414,0.34469414,-0.26468086,-0.20218086,-0.18655586,-0.43655586,0.016569138,0.64156914,-0.85843086,-1.4990559,-0.99905586,-0.84280586,-1.1865559,-0.93655586,-1.3740559,-1.4990559,-1.4209309,-1.2803059,-1.0146809,-0.68655586,-0.57718086,-0.81155586,-1.0928059,-1.3584309,-1.7646809,-1.4053059
-2.3896809,-1.7803059,-0.74905586,-0.28030586,-0.34280586,-0.54593086,-0.38968086,0.12594414,0.28219414,0.36031914,0.51656914,0.92281914,1.3915691,2.3915691,2.4384441,2.4384441,2.5478191,2.6415691,2.3603191,1.9853191,1.5946941,1.2509441,0.93844414,0.34469414,0.17281914,1.2665691,1.7509441,0.57906914,-1.4990559,-0.10843086,-0.31155586,0.06344414,-0.87405586,-0.28030586,9.441376E-4,-0.13968086,-0.51468086,-0.28030586,-0.29593086,-0.42093086,-0.92093086,-0.67093086,-0.76468086,-0.76468086,-0.79593086,-0.76468086,-1.0615559,-1.2490559,-1.2334309,-0.81155586,-0.31155586,0.17281914,0.20406914,-0.46780586,-0.92093086,-1.3584309,-1.5303059,-0.87405586
-1.9053059,-1.4990559,-0.82718086,-0.62405586,-0.79593086,-0.84280586,-0.60843086,-0.23343086,0.15719414,0.42281914,0.56344414,0.98531914,1.7821941,2.8134441,2.7040691,2.7040691,2.8603191,3.1415691,2.7196941,2.3290691,2.1728191,1.9696941,1.3290691,0.59469414,1.2821941,1.8290691,0.68844414,-1.1709309,-0.59280586,-0.17093086,-0.31155586,-0.09280586,-1.1553059,-0.32718086,0.40719414,-0.24905586,-0.67093086,-0.13968086,-0.35843086,-0.63968086,-0.45218086,-0.45218086,-0.53030586,-0.68655586,-0.57718086,-0.60843086,-0.71780586,-0.65530586,-0.32718086,1.1415691,-0.42093086,0.32906914,0.87594414,-0.09280586,-0.79593086,-1.1084309,-0.99905586,-0.43655586
-1.2959309,-1.0303059,-0.76468086,-0.78030586,-0.90530586,-0.84280586,-0.82718086,-0.53030586,-0.10843086,0.54781914,0.93844414,1.1103191,1.7665691,2.8290691,2.9540691,3.1259441,3.1884441,3.2196941,2.7821941,2.4540691,2.7665691,2.0478191,1.5165691,2.0634441,1.8290691,0.51656914,-1.2490559,-0.67093086,-0.46780586,-0.32718086,-0.28030586,-0.42093086,-1.1240559,-0.20218086,0.53219414,0.032194138,-0.46780586,0.032194138,0.016569138,-0.51468086,-0.49905586,-0.32718086,-0.10843086,0.21969414,-0.23343086,-0.60843086,-0.43655586,0.50094414,0.45406914,1.7509441,0.45406914,-0.53030586,-0.24905586,-0.37405586,-0.46780586,-0.48343086,-0.43655586,0.31344414
-0.62405586,-0.38968086,-0.29593086,-0.63968086,-0.82718086,-0.73343086,-0.70218086,-0.62405586,-0.09280586,0.53219414,1.0634441,1.1415691,1.7509441,2.9071941,3.2821941,3.3446941,3.3134441,2.8759441,2.5634441,2.5321941,2.7821941,0.84469414,2.6415691,2.8134441,1.1103191,-1.3428059,-0.60843086,-0.10843086,-0.70218086,-0.34280586,-0.43655586,-0.45218086,-0.95218086,-0.28030586,0.48531914,0.87594414,-0.10843086,-0.09280586,0.26656914,-0.24905586,0.45406914,-0.23343086,0.26656914,1.0321941,0.86031914,-0.014680862,-0.82718086,0.50094414,1.0165691,0.43844414,0.42281914,0.31344414,-0.95218086,-1.1709309,0.28219414,0.14156914,0.48531914,2.6259441
-0.061555862,0.06344414,0.26656914,-0.045930862,-0.42093086,-0.42093086,-0.37405586,-0.26468086,0.07906914,0.45406914,1.1571941,1.4071941,1.9540691,2.7509441,3.3134441,3.2509441,3.0009441,2.2353191,2.1103191,2.4540691,1.9540691,2.7978191,3.5790691,1.8603191,-1.6396809,-0.85843086,-0.12405586,-0.07718086,-0.93655586,-0.37405586,-1.0303059,-0.35843086,-0.31155586,-0.76468086,0.25094414,1.2509441,0.68844414,-0.09280586,0.25094414,0.20406914,2.4071941,0.37594414,0.23531914,0.39156914,0.71969414,0.047819138,-0.061555862,0.28219414,0.34469414,0.07906914,1.4696941,1.1259441,-1.1553059,-1.4678059,-0.15530586,0.65719414,1.0478191,2.7509441
0.25094414,0.26656914,0.45406914,0.43844414,0.15719414,-0.030305862,9.441376E-4,0.32906914,0.67281914,1.0321941,1.5321941,1.9228191,2.2665691,2.5478191,2.8446941,3.0634441,2.5009441,1.8446941,2.3290691,1.4384441,2.2196941,3.4696941,2.8759441,-0.49905586,-1.1709309,-0.56155586,-0.061555862,-0.38968086,-0.53030586,-0.40530586,-1.2021809,9.441376E-4,-0.67093086,-0.87405586,0.36031914,1.0165691,0.95406914,0.07906914,0.23531914,0.76656914,2.6103191,0.82906914,0.43844414,0.23531914,0.37594414,0.016569138,0.29781914,0.31344414,0.09469414,0.11031914,0.59469414,1.1884441,-0.59280586,-0.92093086,0.016569138,1.1884441,1.5165691,2.2978191
0.21969414,0.23531914,0.40719414,0.53219414,0.61031914,0.45406914,0.34469414,0.50094414,0.90719414,1.3290691,1.5946941,1.8603191,2.0790691,2.2196941,2.5165691,2.6884441,1.7040691,2.2978191,0.64156914,0.54781914,2.3759441,3.7040691,0.06344414,-1.3428059,-0.76468086,-0.32718086,-0.09280586,-0.81155586,-0.34280586,-1.2178059,-0.85843086,0.09469414,-0.82718086,-0.15530586,0.28219414,0.53219414,0.84469414,0.62594414,0.56344414,1.2196941,2.3446941,0.65719414,0.047819138,0.09469414,0.29781914,0.32906914,0.50094414,0.64156914,0.18844414,0.12594414,0.39156914,0.84469414,-0.061555862,-0.20218086,0.26656914,1.2665691,1.8759441,2.1415691
-0.014680862,-0.030305862,0.18844414,0.48531914,0.59469414,0.71969414,0.73531914,0.67281914,0.71969414,0.89156914,1.0009441,1.2509441,1.5946941,2.0165691,2.0790691,1.7821941,1.2040691,1.5165691,0.90719414,1.4384441,2.6571941,2.2978191,-1.2021809,-0.67093086,-0.38968086,-0.061555862,-0.46780586,-0.82718086,-1.1084309,-1.6865559,-1.0146809,-0.62405586,-0.53030586,0.36031914,0.07906914,0.59469414,0.67281914,0.96969414,1.3915691,1.0165691,0.93844414,0.57906914,0.51656914,-0.20218086,0.56344414,0.23531914,0.32906914,0.67281914,0.12594414,0.26656914,0.50094414,0.64156914,0.54781914,-0.09280586,-0.23343086,0.81344414,1.7978191,2.0009441
-0.20218086,-0.26468086,-0.09280586,0.25094414,0.56344414,0.81344414,0.73531914,0.53219414,0.39156914,0.43844414,0.50094414,0.98531914,1.4384441,1.5321941,1.1884441,1.0165691,1.1884441,0.90719414,1.3446941,1.7509441,3.0009441,-0.014680862,-0.73343086,-0.21780586,-0.42093086,-0.18655586,-0.46780586,-1.1865559,-1.1396809,-0.96780586,-1.0771809,-0.84280586,-0.78030586,0.09469414,0.14156914,0.90719414,1.0165691,1.3915691,1.2978191,0.70406914,0.93844414,0.61031914,0.70406914,-0.07718086,0.84469414,0.86031914,0.18844414,0.67281914,-0.34280586,0.15719414,0.21969414,0.54781914,0.79781914,1.0790691,0.89156914,-0.014680862,1.3446941,1.8290691
-0.45218086,-0.40530586,-0.29593086,-0.014680862,0.34469414,0.57906914,0.51656914,0.18844414,-0.045930862,-0.061555862,0.15719414,0.82906914,0.96969414,0.67281914,0.45406914,0.51656914,0.70406914,1.0790691,2.3446941,2.5165691,1.8290691,-0.99905586,-0.57718086,0.18844414,-0.35843086,-0.23343086,-0.21780586,-0.71780586,-1.1709309,-0.56155586,-1.1553059,-1.2334309,-0.81155586,-0.09280586,0.18844414,0.89156914,1.1571941,1.3603191,1.8446941,0.59469414,0.61031914,0.50094414,0.59469414,0.68844414,0.82906914,1.0165691,0.87594414,0.59469414,0.29781914,0.48531914,0.37594414,-0.17093086,1.5009441,1.2353191,1.9696941,0.11031914,1.4228191,1.9540691
-0.67093086,-0.46780586,-0.37405586,-0.21780586,-0.045930862,0.11031914,0.06344414,-0.21780586,-0.43655586,-0.31155586,0.14156914,0.42281914,0.07906914,-0.23343086,0.17281914,1.4384441,-0.28030586,0.64156914,2.6103191,2.1259441,-1.2334309,-0.78030586,-0.014680862,0.50094414,-0.12405586,-0.061555862,-0.35843086,-1.3584309,-0.71780586,-1.0459309,-1.1865559,-1.3896809,-0.90530586,-0.37405586,0.15719414,0.67281914,0.84469414,1.7821941,0.79781914,0.84469414,0.65719414,0.14156914,0.53219414,0.76656914,0.71969414,0.54781914,0.82906914,1.3290691,0.36031914,0.93844414,-0.32718086,9.441376E-4,1.4540691,0.98531914,1.1884441,0.57906914,1.1259441,2.5165691
-0.79593086,-0.56155586,-0.45218086,-0.31155586,-0.28030586,-0.21780586,-0.38968086,-0.54593086,-0.49905586,-0.24905586,-0.030305862,-0.32718086,-0.70218086,-0.67093086,0.73531914,1.6259441,-0.63968086,0.95406914,1.5321941,0.87594414,-1.3896809,-0.51468086,0.32906914,0.37594414,-0.10843086,-0.24905586,-0.12405586,0.12594414,0.45406914,-0.79593086,-1.5615559,-1.1553059,-0.93655586,-0.48343086,0.07906914,0.62594414,1.0165691,1.7196941,1.8759441,0.95406914,0.45406914,-0.014680862,0.62594414,0.89156914,0.61031914,0.42281914,0.48531914,1.0009441,0.37594414,0.75094414,0.06344414,0.34469414,1.0634441,-1.5771809,1.4384441,0.82906914,0.62594414,1.5790691
-0.51468086,-0.42093086,-0.43655586,-0.45218086,-0.45218086,-0.49905586,-0.62405586,-0.56155586,-0.45218086,-0.48343086,-0.67093086,-0.98343086,-0.99905586,-0.82718086,0.047819138,-0.07718086,0.87594414,2.2353191,1.8134441,-1.0146809,-0.62405586,0.09469414,0.36031914,-0.24905586,0.047819138,0.57906914,2.3603191,0.54781914,-0.24905586,-2.3584309,-1.1240559,-0.98343086,-0.67093086,-0.13968086,0.07906914,0.71969414,1.2978191,1.4384441,2.4384441,0.59469414,0.25094414,0.07906914,1.0009441,1.2353191,0.56344414,0.40719414,0.21969414,0.29781914,0.95406914,2.0478191,0.50094414,1.0165691,1.0946941,-1.0459309,-0.37405586,0.31344414,0.21969414,-0.29593086
9.441376E-4,-0.061555862,-0.29593086,-0.53030586,-0.57718086,-0.63968086,-0.76468086,-0.78030586,-0.82718086,-1.0303059,-1.2334309,-1.2490559,-1.0459309,-0.76468086,-0.34280586,0.71969414,1.9384441,1.8290691,0.78219414,-1.7021809,-0.67093086,0.18844414,0.14156914,-0.28030586,0.95406914,2.5478191,0.95406914,-0.81155586,-0.96780586,-1.6240559,-0.56155586,-0.35843086,-0.38968086,-0.15530586,0.21969414,1.0790691,1.0946941,1.6728191,1.9853191,0.70406914,0.07906914,0.46969414,1.3290691,1.0165691,0.84469414,0.67281914,0.26656914,0.78219414,0.64156914,1.0321941,0.84469414,-0.061555862,1.1259441,-0.73343086,-0.57718086,0.15719414,-2.0615559,0.06344414
-0.014680862,-0.061555862,-0.40530586,-0.70218086,-0.81155586,-0.84280586,-0.95218086,-1.0459309,-1.0771809,-1.2178059,-1.3115559,-0.57718086,-0.10843086,-0.82718086,0.06344414,1.8446941,1.4384441,1.2821941,-0.87405586,-1.7490559,-0.51468086,-0.82718086,-0.45218086,0.82906914,2.1884441,0.26656914,0.59469414,-0.90530586,-1.6396809,-0.48343086,-0.09280586,-0.030305862,-0.15530586,-0.34280586,0.032194138,0.89156914,1.1571941,1.5790691,1.9384441,1.1259441,0.14156914,0.61031914,1.7353191,0.92281914,0.64156914,0.50094414,0.46969414,0.67281914,0.29781914,0.59469414,1.5634441,-0.15530586,-0.20218086,-0.29593086,-0.09280586,-0.26468086,-1.0928059,0.17281914
-0.07718086,-0.17093086,-0.35843086,-0.54593086,-0.74905586,-0.88968086,-0.87405586,-0.88968086,-0.98343086,-1.2021809,-1.2021809,-0.40530586,-0.56155586,0.15719414,1.3290691,2.1884441,0.95406914,0.09469414,-1.7803059,-0.68655586,-0.98343086,-0.79593086,0.78219414,2.0790691,0.70406914,-0.17093086,0.14156914,-2.4365559,-0.54593086,-0.13968086,-0.014680862,0.047819138,-0.13968086,-0.49905586,-0.20218086,0.31344414,1.0165691,1.6103191,2.1571941,1.5321941,0.45406914,0.89156914,0.78219414,0.36031914,0.90719414,0.70406914,1.0478191,0.75094414,0.53219414,0.64156914,2.1884441,0.92281914,0.032194138,-0.62405586,-0.32718086,-1.3115559,-1.1240559,0.48531914
0.23531914,9.441376E-4,-0.23343086,-0.24905586,-0.34280586,-0.56155586,-0.53030586,-0.70218086,-0.87405586,-1.0146809,-0.88968086,-0.54593086,0.21969414,1.1259441,2.6259441,-0.48343086,-1.9053059,-1.1396809,-0.99905586,-0.99905586,-0.48343086,0.15719414,1.7665691,1.7509441,-0.79593086,0.18844414,9.441376E-4,-2.5771809,0.07906914,-0.31155586,-0.31155586,-0.21780586,-0.24905586,-0.49905586,-0.21780586,0.047819138,0.43844414,1.0009441,1.8603191,0.87594414,0.71969414,0.96969414,1.0946941,0.31344414,0.54781914,1.1571941,2.2821941,1.1728191,1.0321941,0.70406914,1.2040691,1.9696941,-0.24905586,-0.45218086,-0.40530586,-1.0771809,-0.37405586,1.0165691
0.81344414,0.45406914,-0.09280586,0.032194138,0.032194138,-0.24905586,-0.20218086,-0.48343086,-0.59280586,-0.70218086,-0.71780586,-0.28030586,1.7821941,1.9384441,2.2509441,-1.7178059,-2.0615559,-0.88968086,-0.76468086,-0.12405586,0.07906914,2.0946941,1.4228191,1.0165691,-0.35843086,0.047819138,-0.13968086,-2.7178059,-0.030305862,-0.57718086,-0.85843086,-0.53030586,-0.34280586,-0.37405586,-0.29593086,-0.07718086,0.40719414,0.15719414,1.0321941,0.64156914,0.82906914,1.2196941,1.0009441,0.29781914,1.4228191,1.5946941,1.7509441,2.7353191,1.0946941,0.90719414,1.0009441,2.0946941,0.59469414,-0.24905586,-0.62405586,-0.45218086,-0.67093086,1.0321941
1.0009441,0.84469414,0.68844414,0.62594414,0.36031914,0.21969414,0.17281914,-0.030305862,-0.13968086,-0.37405586,-0.92093086,0.71969414,1.5478191,2.5165691,-1.8271809,-1.7803059,-1.1240559,-0.28030586,-0.10843086,-0.12405586,0.09469414,3.0321941,1.3446941,-0.49905586,-0.10843086,9.441376E-4,-0.38968086,-2.6396809,-0.76468086,-0.81155586,-0.98343086,-0.78030586,-0.62405586,-0.26468086,-0.014680862,-0.061555862,-0.32718086,0.14156914,0.53219414,0.64156914,0.86031914,1.0946941,0.64156914,0.71969414,1.8759441,1.2509441,1.9696941,2.3915691,2.3446941,1.1884441,1.0478191,2.0634441,1.1728191,0.53219414,-0.12405586,-0.38968086,-0.53030586,-0.13968086
1.4228191,1.2665691,1.3603191,1.2509441,0.68844414,0.73531914,0.75094414,0.42281914,0.37594414,0.11031914,-0.13968086,1.5946941,0.36031914,-1.1865559,-1.3271809,-0.78030586,-0.49905586,-0.07718086,-0.43655586,-0.31155586,0.45406914,2.1415691,0.78219414,-0.34280586,-0.68655586,-0.18655586,-0.54593086,-2.1553059,-1.0459309,-0.95218086,-1.0771809,-0.81155586,-0.59280586,-0.43655586,0.06344414,-0.26468086,-0.67093086,-0.18655586,0.25094414,0.57906914,0.23531914,0.70406914,1.0165691,1.1415691,1.4384441,1.4696941,1.8759441,2.0790691,2.7196941,3.9696941,2.7821941,3.9540691,2.7040691,1.2196941,-0.21780586,-0.014680862,-0.38968086,0.48531914
1.8915691,1.8134441,1.9540691,1.7196941,1.1884441,1.1259441,1.2196941,0.93844414,1.0790691,0.87594414,1.5634441,-0.59280586,-2.8740559,-2.2959309,-2.1084309,-1.4521809,-0.98343086,-0.76468086,-0.81155586,-0.42093086,0.54781914,2.2196941,0.32906914,0.73531914,-1.0615559,-0.56155586,-1.8115559,-1.4834309,-1.2178059,-1.1240559,-1.3896809,-0.63968086,-0.45218086,-0.24905586,-0.57718086,-0.93655586,-0.85843086,-0.32718086,0.09469414,0.25094414,0.20406914,0.53219414,0.71969414,0.90719414,1.0946941,1.4384441,1.9071941,2.0478191,2.4540691,2.7353191,3.7040691,3.5946941,2.7978191,0.31344414,-0.37405586,-0.95218086,-0.23343086,0.21969414
1.8915691,2.0321941,2.4228191,2.1571941,1.8446941,1.7509441,1.7978191,1.7978191,1.8134441,1.6259441,2.3915691,0.29781914,-2.1396809,-1.6240559,-1.3740559,-1.4053059,-1.3740559,-0.99905586,-0.79593086,-0.24905586,1.0946941,1.8603191,0.40719414,-0.061555862,-0.93655586,-1.8428059,-1.1553059,-1.2959309,-1.3428059,-1.5146809,-1.6240559,-0.79593086,-0.53030586,-0.76468086,-1.1396809,-1.0303059,-0.78030586,-0.40530586,-0.21780586,-0.12405586,0.016569138,9.441376E-4,0.14156914,0.50094414,0.70406914,0.81344414,1.5478191,2.0009441,2.4540691,2.8446941,3.2665691,3.7821941,3.4696941,2.0165691,-0.59280586,-0.68655586,0.11031914,2.7196941
2.1415691,2.2040691,2.5634441,2.5634441,2.3446941,2.3134441,2.3759441,2.5478191,2.5165691,2.3603191,2.7353191,3.0634441,1.5790691,0.12594414,0.17281914,-0.18655586,-0.87405586,-0.48343086,-0.26468086,0.61031914,1.7665691,1.3134441,0.20406914,-0.60843086,-2.2646809,-0.85843086,-0.87405586,-1.3428059,-1.4365559,-1.9053059,-1.7334309,-1.0928059,-0.90530586,-1.2490559,-0.98343086,-0.49905586,-0.42093086,-0.54593086,-0.76468086,-0.76468086,-0.73343086,-0.56155586,-0.26468086,-0.07718086,0.09469414,0.23531914,0.90719414,1.4540691,1.9384441,2.1884441,2.6415691,3.1884441,3.8759441,5.157194,2.2040691,1.9071941,3.7665691,4.110319
2.4853191,2.5478191,2.8290691,2.9071941,2.7353191,2.5790691,2.5321941,2.8759441,2.3915691,2.8603191,2.9696941,3.3134441,3.3446941,2.7196941,1.7353191,1.0634441,-0.061555862,0.31344414,0.54781914,2.2821941,0.56344414,0.18844414,-0.17093086,-1.4209309,-1.2021809,-0.68655586,-0.95218086,-1.5146809,-1.7490559,-2.0459309,-1.7959309,-1.1709309,-1.0615559,-1.0928059,-0.73343086,-0.21780586,-0.35843086,-0.98343086,-1.3428059,-1.2959309,-1.2021809,-0.98343086,-0.78030586,-0.65530586,-0.40530586,-0.07718086,0.51656914,1.0478191,1.3759441,1.7821941,2.4071941,2.8759441,3.6415691,5.360319,5.500944,5.469694,4.954069,4.422819
