leaflet-velocity-master/demo/2wind-global.json
{"header": { "discipline":0, "gribEdition":2, "gribLength":14206, "center":34, "subcenter":0, "refTime":"2021-04-14T06:00:00.000Z", "significanceOfRT":1, "productStatus":0, "productType":1, "productDefinitionTemplate":0, "parameterCategory":2, "parameterNumber":3, "parameterUnit":"m.s-1", "genProcessType":1, "forecastTime":0, "surface1Type":103, "surface1Value":10.0, "surface2Type":255, "surface2Value":-9.999E-252, "gridDefinitionTemplate":0, "numberPoints":10201, "shape":6, "gridUnits":"degrees", "resolution":48, "winds":"true", "scanMode":64, "nx":101, "ny":101, "basicAngle":0, "lo1":90.0, "la1":-5.0, "lo2":140.0, "la2":45.0, "dx":0.5, "dy":0.5 }, "data":
[rows 0 to 25 of 101, columns 0 to 58 of 101]
2.337988,2.384863,2.494238,2.681738,2.947363,3.369238,3.494238,3.728613,4.119238,4.212988,4.275488,3.681738,2.541113,1.4942379,-0.0213871,-1.7870121,-2.974512,-3.333887,-3.255762,-3.037012,-2.849512,-2.037012,-1.3026371,-1.0213871,-0.6151371,0.6036129,2.337988,3.072363,1.3536129,-0.6463871,0.4942379,1.3536129,2.916113,2.212988,0.1348629,-0.3963871,-0.4276371,-0.4120121,-0.2557621,-0.3338871,-0.6151371,0.1192379,0.7754879,0.6036129,0.3692379,0.5098629,0.5879879,0.4786129,0.1661129,0.1973629,0.5254879,1.0723629,1.7598629,2.275488,2.494238,2.416113,1.8067379,1.2129879,0.5411129
2.650488,2.837988,2.978613,3.025488,3.134863,3.119238,3.228613,3.244238,3.447363,3.837988,3.775488,3.119238,1.9942379,1.1192379,-0.2870121,-1.8338871,-2.896387,-3.302637,-3.083887,-3.068262,-2.724512,-1.7713871,-0.9901371,-0.7245121,-0.0213871,1.9004879,2.712988,1.8223629,-1.0838871,-1.0995121,-0.1307621,0.4161129,3.087988,2.728613,0.9942379,-0.2245121,-0.7713871,-0.7870121,-0.7245121,-1.0995121,-0.5995121,0.5723629,1.0254879,0.6036129,-0.0682621,-0.2088871,0.0254879,0.1817379,0.3536129,0.8536129,1.4004879,1.6973629,2.259863,2.744238,2.853613,2.619238,2.166113,1.6661129,0.9161129
2.916113,3.087988,3.259863,3.212988,3.119238,3.087988,3.166113,3.244238,3.087988,3.212988,3.134863,2.619238,1.7129879,0.6973629,-0.7088871,-2.099512,-2.802637,-3.021387,-3.130762,-3.052637,-2.474512,-1.6151371,-1.2088871,-0.8026371,0.6817379,1.6192379,-0.7245121,-2.552637,-1.0526371,-0.8182621,-0.5838871,0.1192379,2.353613,2.791113,1.8223629,0.3067379,-0.7088871,-0.7245121,-0.7401371,-0.3026371,0.1661129,0.7442379,1.1036129,0.9786129,0.2442379,-0.2557621,-0.1307621,0.2598629,0.6973629,1.7598629,2.103613,3.103613,2.650488,3.056738,3.009863,2.806738,2.666113,2.134863,1.4161129
3.072363,3.228613,3.275488,2.884863,2.619238,2.728613,2.931738,3.009863,2.978613,2.994238,2.962988,2.212988,1.1661129,0.0879879,-1.2713871,-2.162012,-2.396387,-2.693262,-2.990137,-2.724512,-2.193262,-1.2401371,-1.4745121,0.2754879,1.8223629,1.3067379,-1.1620121,-0.7245121,-0.3495121,-0.4120121,-0.2088871,0.1192379,1.9942379,2.666113,2.259863,1.0723629,0.3379879,0.0254879,0.0098629,0.2754879,0.6036129,0.9317379,1.2911129,1.7911129,1.7598629,2.134863,1.5098629,1.9004879,2.806738,2.416113,0.9942379,1.3223629,1.1192379,0.9317379,0.8536129,1.6192379,2.009863,2.384863,2.431738
3.259863,3.228613,3.291113,3.181738,2.884863,2.619238,2.556738,2.681738,2.681738,2.431738,1.9473629,1.3692379,0.4786129,-0.6307621,-1.3963871,-1.7245121,-2.130762,-2.568262,-2.740137,-2.412012,-1.8338871,-1.3338871,-0.9276371,1.2286129,1.7129879,-1.1776371,-0.1932621,0.2598629,0.0098629,-0.2557621,-0.1151371,0.0879879,1.8848629,2.634863,2.822363,1.5723629,0.5411129,0.6817379,0.0411129,0.2442379,1.4473629,2.087988,2.306738,1.6036129,0.8067379,1.3536129,1.9942379,0.8067379,1.0879879,0.2129879,-0.0213871,0.7129879,1.1348629,1.2598629,0.2598629,0.2598629,0.3848629,1.2754879,0.6504879
3.416113,3.228613,3.103613,3.197363,3.197363,2.931738,2.572363,2.337988,2.212988,1.7754879,1.3536129,0.5879879,0.0254879,-0.5526371,-1.2401371,-1.7088871,-2.021387,-2.396387,-2.349512,-1.8651371,-2.318262,-2.537012,0.0567379,1.1661129,-1.6932621,-0.3963871,-0.2088871,-0.0057621,-0.0838871,-0.0838871,-0.4276371,0.3223629,0.7286129,1.0567379,2.822363,1.5879879,0.3223629,0.4004879,0.0254879,0.1817379,0.8067379,1.0098629,1.1817379,1.0254879,0.5411129,0.2442379,0.0879879,0.0567379,-0.2245121,-0.6463871,-0.4120121,-0.3182621,0.2754879,1.1973629,1.6661129,1.0098629,0.9161129,0.6817379,-1.3651371
3.494238,3.369238,3.119238,2.916113,3.009863,3.103613,2.759863,2.275488,1.8379879,1.5254879,1.1504879,0.6036129,0.1348629,-0.4901371,-1.2870121,-1.6776371,-1.8807621,-2.333887,-0.9745121,-1.6776371,-2.833887,-2.208887,0.9786129,0.2598629,-0.4588871,-0.1932621,0.1348629,-0.1932621,-0.3338871,-0.3338871,-0.5682621,0.4942379,0.2754879,1.9942379,2.650488,2.025488,1.2754879,0.9004879,0.4629879,0.5098629,0.9629879,0.1504879,0.3067379,0.0411129,-0.0995121,-0.3495121,0.0098629,0.2286129,0.3536129,0.3223629,-0.0057621,-0.3495121,-0.3651371,0.6192379,2.103613,1.4004879,1.2754879,1.1348629,-0.0682621
3.431738,3.166113,2.806738,2.525488,2.337988,2.384863,2.509863,2.478613,2.087988,1.5723629,0.8379879,-0.0370121,-0.7713871,-1.2401371,-1.5057621,-1.7713871,-2.537012,-2.271387,-0.3651371,-2.771387,-2.724512,-0.5838871,0.0879879,-1.6151371,-0.5213871,0.0567379,0.1192379,-0.2557621,-0.1932621,-0.4432621,-0.1151371,-0.3495121,0.1192379,2.087988,2.509863,2.041113,1.4317379,1.0879879,0.7286129,0.9942379,0.4004879,0.0411129,-0.2088871,-0.2245121,-0.5213871,-0.1776371,-0.1932621,-0.0995121,-0.0057621,0.1348629,0.2911129,0.2442379,0.1661129,1.3379879,3.134863,2.369238,2.322363,2.072363,1.4161129
3.072363,2.791113,2.447363,2.166113,1.9161129,1.7754879,1.7598629,1.7286129,1.5098629,0.8848629,0.0879879,-0.6307621,-1.0057621,-1.1307621,-1.5213871,-2.240137,-2.724512,-2.365137,-2.708887,-2.865137,-2.005762,0.0567379,-1.2557621,-0.5057621,-0.1463871,-0.1307621,-0.3338871,-0.4432621,-0.7245121,-0.2401371,0.1973629,0.6192379,1.1973629,1.4161129,1.5879879,1.6348629,1.4161129,1.3536129,1.3223629,0.3848629,0.2754879,0.2598629,0.2754879,0.2754879,0.6973629,1.1348629,0.4473629,0.3379879,0.5879879,0.2129879,0.2911129,0.1192379,0.0879879,0.8692379,2.244238,4.103613,3.353613,2.978613,2.275488
3.072363,2.791113,2.541113,2.228613,2.025488,1.9317379,1.7598629,1.4473629,0.8536129,0.2286129,-0.3651371,-0.7557621,-0.8182621,-1.1307621,-1.9120121,-2.458887,-2.583887,-1.4588871,-2.443262,-2.052637,0.1348629,0.5411129,-0.3338871,-0.3963871,-0.1620121,-0.3495121,-0.3338871,-0.1463871,0.0879879,0.2286129,0.4473629,0.9473629,1.5879879,1.6504879,1.5254879,1.2911129,1.1817379,0.6192379,0.3223629,-0.5682621,-0.3807621,-0.5057621,-0.4901371,-0.4276371,-0.7870121,-1.3963871,0.1348629,0.6661129,0.4161129,0.8223629,0.6817379,0.4317379,0.4786129,0.4942379,1.5567379,2.978613,4.212988,3.666113,2.900488
3.056738,2.916113,2.853613,2.728613,2.462988,2.041113,1.6661129,1.3067379,0.8692379,0.3536129,0.0254879,-0.1151371,-0.4276371,-1.1776371,-1.8495121,-2.083887,-2.318262,-2.755762,-2.021387,0.9004879,0.9786129,-1.1932621,-0.8963871,-0.5213871,-0.3651371,-0.1463871,-0.1463871,-0.0057621,0.4161129,-0.0838871,0.8692379,1.3536129,1.8067379,2.041113,1.9317379,1.4161129,0.5254879,-0.5213871,-0.6151371,0.0879879,0.0098629,-0.8807621,-0.9432621,-0.7401371,-0.3026371,-0.2401371,0.1973629,0.2911129,0.2442379,0.3067379,0.8067379,0.4786129,1.8848629,2.431738,2.400488,2.791113,4.072363,3.884863,3.509863
3.337988,3.103613,2.931738,2.806738,2.572363,2.166113,1.6504879,1.1973629,0.9473629,0.8067379,0.8848629,0.6973629,-0.1151371,-1.3182621,-1.7088871,-0.2713871,-1.2088871,-2.615137,-1.4120121,1.0254879,-0.4588871,-1.1151371,-0.8495121,-0.5057621,-0.2088871,-0.1932621,-0.5057621,-1.1151371,0.2754879,0.8379879,0.6817379,1.2598629,1.8536129,1.8848629,1.6817379,1.1504879,0.1348629,-0.4745121,0.0879879,0.1192379,0.2286129,-0.1463871,-0.3182621,-0.2245121,-0.3807621,-0.6307621,-0.8963871,-1.2557621,-0.0526371,0.5254879,0.3536129,0.7286129,1.6348629,3.353613,2.400488,3.337988,3.916113,4.119238,3.994238
3.431738,3.228613,2.962988,2.728613,2.478613,2.181738,1.8067379,1.5567379,1.5723629,1.7754879,1.6504879,0.8848629,-0.2870121,-1.3963871,-1.3963871,0.0098629,-2.412012,-1.9432621,-0.3338871,-0.8651371,-1.2713871,-0.1307621,-0.0682621,-0.0682621,-0.1932621,-0.2713871,-0.6307621,0.4473629,0.9629879,0.6973629,0.4629879,0.7598629,1.2598629,1.4942379,1.4629879,1.0723629,0.8692379,-0.0682621,-0.5370121,-0.3182621,-0.4745121,-0.6307621,-0.3807621,-0.3807621,0.0723629,0.1348629,0.1504879,0.1036129,-0.5370121,0.3223629,0.1192379,0.0723629,1.2129879,3.822363,3.541113,3.337988,2.025488,2.728613,3.166113
2.978613,3.181738,3.150488,2.931738,2.650488,2.369238,2.166113,2.150488,2.166113,1.9161129,1.3223629,0.4786129,-0.4276371,-1.2245121,-1.9276371,-1.8182621,-1.5370121,-0.6151371,0.9317379,0.6817379,-0.1463871,0.3536129,0.1973629,-0.3963871,-1.4120121,-1.1307621,1.6817379,1.0567379,0.6192379,-0.4588871,0.0567379,0.5411129,0.9004879,1.1973629,1.2129879,1.2129879,0.6973629,-0.1151371,-1.1932621,-0.5213871,-1.3651371,-1.8963871,-2.068262,-0.8963871,-0.7870121,-0.8338871,-0.9901371,-1.1307621,-1.2713871,-0.9588871,0.5098629,0.4317379,-0.4588871,0.7129879,1.1348629,1.0411129,0.7286129,0.0411129,2.041113
1.8692379,1.9786129,2.150488,2.400488,2.416113,2.353613,2.275488,2.009863,1.5411129,1.0567379,0.4161129,-0.0838871,-0.2713871,-0.7557621,-0.9745121,-0.8026371,0.6192379,1.7754879,1.1504879,-0.3338871,-0.6307621,-0.7245121,-0.8495121,-1.1776371,0.3536129,1.8692379,0.3379879,-0.2713871,-0.9120121,-0.8807621,-0.0370121,0.3848629,0.9629879,1.1504879,1.0567379,0.9004879,0.1036129,-0.4588871,-1.1932621,-1.5682621,-2.427637,-1.8651371,-1.6307621,-0.6776371,-0.4901371,-0.3807621,-0.3495121,-0.5370121,0.2911129,-1.5370121,0.7754879,0.6348629,-0.0057621,-0.3182621,0.4317379,-0.2557621,0.1817379,1.1661129,1.4942379
2.228613,1.7754879,1.6661129,1.9629879,2.150488,2.072363,1.9786129,1.7286129,1.3379879,0.9942379,0.4629879,0.5254879,0.9942379,-0.0682621,-0.0370121,0.3067379,0.7754879,0.3848629,-1.0682621,-1.6307621,-0.8651371,-0.4745121,-0.2713871,1.3848629,2.072363,0.0879879,-0.5370121,-0.2401371,-1.4120121,-0.3963871,0.4317379,0.6504879,0.7911129,0.7911129,0.5723629,-0.0682621,-0.5526371,-0.6620121,-1.1620121,-1.2557621,-1.1620121,-0.8651371,-0.9120121,-0.5370121,-1.0526371,-1.0526371,-0.9276371,-0.3338871,-1.2245121,-0.7870121,-0.2557621,0.1973629,0.3536129,0.3067379,0.2911129,-0.1307621,0.3848629,1.3379879,1.2754879
2.884863,2.494238,2.244238,2.322363,2.494238,2.384863,2.275488,2.228613,2.009863,1.3848629,0.7911129,0.1661129,-0.4432621,0.5254879,0.9786129,2.150488,0.7598629,-1.1776371,-2.099512,-0.8807621,-0.7713871,0.3067379,0.8067379,1.0254879,0.6817379,-0.1776371,-0.1932621,-1.1932621,-0.4745121,0.2286129,0.4786129,0.6036129,0.5567379,0.4942379,0.4629879,0.1036129,-0.5370121,-1.3338871,-1.2713871,-1.6151371,-1.7557621,-1.6620121,-1.8338871,-2.615137,-2.880762,-2.427637,-1.2870121,-0.7401371,0.0723629,0.2129879,-1.1151371,-0.5526371,0.3848629,-0.3338871,0.1817379,0.0254879,0.2286129,0.4786129,0.6817379
2.806738,2.931738,2.666113,2.494238,2.587988,2.603613,2.650488,2.525488,1.9317379,1.3536129,1.0567379,0.8223629,0.7286129,1.5098629,2.009863,1.7598629,-0.3807621,-2.380762,-1.2870121,-1.2870121,0.3536129,1.3379879,2.400488,0.8536129,-0.2245121,-0.0682621,0.0411129,0.2754879,0.3536129,0.5254879,0.4473629,0.1817379,0.0567379,0.1348629,0.3223629,0.5567379,0.3223629,-0.7557621,-0.8495121,-1.7557621,-2.224512,-2.302637,-2.193262,-1.9120121,-1.4745121,-1.0526371,-1.6463871,-1.0370121,-1.0057621,-0.6463871,0.0723629,-1.2401371,-1.0370121,0.1348629,-0.2713871,0.0411129,0.9629879,1.0411129,0.6192379
2.259863,2.322363,2.197363,2.291113,2.462988,2.650488,2.650488,2.494238,2.166113,1.7754879,1.2754879,0.5879879,1.3536129,2.103613,0.6817379,-1.6932621,-1.6463871,-1.6151371,-0.9745121,-0.0682621,0.9161129,1.9004879,0.8692379,0.6192379,-1.0370121,-0.2713871,-0.3026371,0.2442379,0.4629879,0.3848629,0.2754879,0.0567379,-0.1620121,-0.1463871,0.0723629,0.2754879,0.0723629,-0.3651371,-1.0213871,-1.3182621,-1.4432621,-1.5057621,-1.6620121,-2.037012,-1.4120121,-0.7088871,-0.3026371,-1.4120121,-0.9745121,-0.4588871,-0.4276371,0.2754879,0.1192379,0.0098629,0.5879879,0.8379879,2.978613,2.291113,1.4161129
2.837988,2.509863,2.556738,2.837988,2.697363,2.900488,3.181738,3.025488,2.759863,2.525488,1.9786129,1.7129879,1.4473629,0.6504879,-1.3026371,-2.052637,-1.8495121,-1.1307621,-0.1620121,0.4317379,0.8536129,0.5723629,0.5254879,0.2598629,0.3223629,0.1036129,-0.1307621,0.1661129,0.2129879,-0.1307621,0.1504879,0.1504879,0.0411129,-0.1463871,0.0723629,0.3848629,0.2598629,0.2598629,-0.2401371,-0.6776371,-0.9745121,-1.5213871,-1.7245121,-1.2088871,-1.1932621,-1.4276371,-1.2245121,-0.6151371,-1.0838871,-0.7557621,-1.0213871,-1.2088871,-1.2401371,-0.8338871,-0.1776371,0.1348629,0.3536129,0.8848629,2.275488
3.072363,3.197363,3.197363,3.322363,3.119238,3.119238,3.306738,3.431738,3.244238,3.337988,3.400488,0.9786129,-1.2088871,-2.693262,-2.849512,-1.3651371,-1.9432621,-0.6463871,0.1817379,0.3223629,0.2286129,0.3536129,0.0879879,-0.1932621,-0.0995121,-0.1932621,-0.6932621,-0.4432621,0.1661129,0.2442379,0.2754879,0.3536129,0.6504879,0.9161129,0.8848629,0.4473629,0.0098629,-0.2870121,-0.5370121,-0.8182621,-1.3182621,-1.8026371,-1.8963871,-1.6932621,-2.193262,-1.9901371,-1.5370121,-1.5838871,-1.4276371,-1.9901371,-2.162012,-2.615137,-1.9120121,-0.1776371,-0.2401371,-0.5057621,-0.5526371,0.1973629,0.6661129
3.353613,3.353613,3.603613,3.541113,3.431738,3.494238,3.447363,3.541113,3.837988,4.009863,3.634863,-1.8026371,-1.1463871,-0.6307621,-1.0370121,-2.083887,-1.9276371,-0.6307621,0.1661129,0.0567379,-0.5057621,-0.4745121,-0.5682621,-0.8182621,-0.8026371,-0.6932621,-1.4432621,-0.4276371,-0.0682621,-0.0526371,0.0879879,0.2129879,0.4942379,0.5098629,0.3379879,-0.1463871,-0.3963871,-0.5213871,-0.7245121,-1.0838871,-1.1932621,-1.1776371,-1.8026371,-2.162012,-2.240137,-2.318262,-2.208887,-1.6776371,-1.0526371,-0.5057621,-0.4432621,-0.6151371,-1.4588871,0.2129879,0.2286129,-0.1776371,-0.7401371,-1.7245121,-4.115137
2.791113,2.650488,2.712988,2.994238,3.275488,3.587988,3.681738,4.025488,4.212988,4.041113,3.916113,0.9786129,0.5411129,0.1817379,-1.2245121,-2.646387,-2.849512,-1.3182621,-0.1620121,-0.0057621,0.0254879,-0.0370121,-0.3651371,-0.7557621,-1.2713871,-2.380762,-0.8807621,-0.3495121,-0.1776371,0.0723629,-0.0526371,-0.0682621,0.2286129,0.3379879,-0.2401371,-0.2401371,-0.0995121,-0.2088871,-0.5526371,-1.0213871,-1.5370121,-2.021387,-2.146387,-2.099512,-1.9745121,-1.8807621,-1.7245121,-1.3651371,-0.8495121,-0.2401371,0.1348629,0.2442379,-0.2557621,-0.7870121,-1.5682621,-1.6620121,-4.958887,-5.162012,-4.177637
2.291113,2.447363,2.556738,2.697363,3.087988,3.509863,3.619238,3.556738,3.619238,3.697363,3.619238,2.697363,1.4317379,0.7129879,-0.8026371,-2.787012,-3.412012,-2.177637,-0.5057621,0.2129879,0.5879879,-0.2557621,-0.8182621,-1.4276371,-2.021387,-0.6463871,-0.1307621,-0.0213871,0.1973629,0.1036129,0.1192379,0.0879879,-0.0057621,-0.2088871,-0.3026371,-0.1776371,0.1348629,0.0254879,-0.5682621,-1.1620121,-1.5526371,-1.6932621,-1.5995121,-1.6151371,-1.6932621,-1.3338871,-1.1776371,-1.0057621,-0.8338871,-0.7870121,-0.3182621,0.2129879,1.1192379,0.0254879,-1.9901371,-3.240137,-5.771387,-4.662012,-3.943262
1.7598629,2.025488,2.244238,2.509863,2.884863,3.259863,3.494238,3.462988,3.525488,3.619238,3.197363,2.634863,1.6192379,0.6348629,-0.4901371,-2.177637,-2.912012,-2.130762,-0.4588871,0.8536129,0.2442379,-1.0526371,-2.927637,-2.552637,-0.6463871,0.1036129,0.3379879,0.3379879,0.2911129,0.4473629,0.4317379,0.2911129,0.2286129,0.1036129,0.0567379,0.0411129,-0.0838871,-0.4276371,-0.8963871,-1.2713871,-1.4432621,-1.5213871,-1.6776371,-1.8963871,-2.177637,-2.130762,-1.9901371,-1.8495121,-1.7088871,-1.4901371,-0.9120121,-0.1776371,0.3848629,0.4473629,-1.4588871,-3.380762,-4.099512,-3.787012,-3.552637
1.5567379,1.5879879,1.7442379,2.056738,2.447363,2.822363,3.181738,3.431738,2.619238,3.087988,2.806738,2.134863,1.5879879,0.8848629,-0.1463871,-1.2557621,-1.8651371,-1.0682621,0.6348629,0.5254879,-0.4276371,-1.3026371,-0.7401371,-0.2713871,0.2911129,0.5567379,0.5567379,0.7129879,0.7598629,0.7442379,0.7911129,0.6348629,0.4942379,0.4786129,0.4004879,0.0411129,-0.3807621,-0.8495121,-1.3026371,-1.6620121,-1.9745121,-2.271387,-2.380762,-2.412012,-2.662012,-2.802637,-2.677637,-2.349512,-1.9588871,-1.3495121,-0.7713871,-0.4432621,-0.2713871,-0.4745121,-0.8495121,-2.130762,-2.818262,-2.880762,-3.099512
