leaflet-velocity-master/demo/wind-global.json
{"header": { "discipline":0, "gribEdition":2, "gribLength":15481, "center":34, "subcenter":0, "refTime":"2021-04-18T00:00:00.000Z", "significanceOfRT":1, "productStatus":0, "productType":1, "productDefinitionTemplate":0, "parameterCategory":2, "parameterNumber":3, "parameterUnit":"m.s-1", "genProcessType":1, "forecastTime":0, "surface1Type":103, "surface1Value":10.0, "surface2Type":255, "surface2Value":-9.999E-252, "gridDefinitionTemplate":0, "numberPoints":10201, "shape":6, "gridUnits":"degrees", "resolution":48, "winds":"true", "scanMode":64, "nx":101, "ny":101, "basicAngle":0, "lo1":90.0, "la1":-5.0, "lo2":140.0, "la2":45.0, "dx":0.5, "dy":0.5 }, "data":
[rows 52 to 77 of 101, columns 0 to 56 of 101]
3.2936344,1.4967594,0.4186344,-0.3001156,-1.1594906,-0.15949059,-0.3626156,-0.3626156,-0.7844906,0.059259415,0.7155094,0.6373844,0.4030094,-0.0032405853,0.4811344,-0.112615585,-0.5188656,-1.0657406,-0.5969906,-0.15949059,-0.096990585,-0.15949059,-0.22199059,-0.018865585,0.5123844,0.6061344,0.3561344,0.9030094,0.8092594,0.090509415,-0.065740585,-0.3157406,-1.0188656,-0.7688656,-1.9563656,-5.0501156,-4.3157406,-1.3313656,-0.12824059,0.15300941,0.5592594,1.7780094,1.2311344,0.2936344,-0.4407406,-1.2219906,-1.9876156,-2.3313656,-2.6282406,-3.0501156,-3.8157406,-4.5813656,-5.0813656,-4.6594906,-3.5032406,-2.9563656,-2.1751156
4.6686344,2.9498844,1.6686344,0.8405094,0.21550941,-0.5813656,-0.6751156,-0.2532406,1.0905094,-0.19074059,0.3405094,0.7311344,0.5748844,0.5123844,0.3717594,0.074884415,-0.5344906,-1.0501156,-1.1907406,-0.9094906,-0.7063656,-0.20636559,-0.8001156,-0.2688656,0.18425941,0.4186344,0.21550941,0.5280094,0.8092594,0.4811344,-0.2844906,-0.112615585,-0.7688656,-1.2844906,-1.6126156,-1.4563656,-3.4876156,-3.9563656,-1.9094906,-1.9251156,-1.0344906,-0.034490585,-0.2532406,-1.3469906,-1.5344906,-1.8626156,-2.2063656,-2.2844906,-2.5501156,-3.0969906,-4.0188656,-5.0657406,-6.0657406,-6.5344906,-6.2688656,-5.1594906,-3.4407406
2.5905094,3.3717594,2.0592594,1.1217594,0.5123844,-0.12824059,-0.5969906,0.2780094,0.6373844,-0.17511559,0.3405094,0.5436344,0.3873844,-0.3001156,-0.096990585,0.5280094,0.18425941,-0.4094906,-0.6907406,-1.0032406,-0.5501156,-0.3938656,-0.4251156,-0.2688656,-0.20636559,0.043634415,0.121759415,0.4655094,-0.22199059,-0.2688656,-0.018865585,-0.096990585,-1.1282406,-1.2844906,-1.0032406,-0.4407406,-0.5657406,-1.1594906,-0.8782406,-1.0657406,-1.2219906,-0.8938656,-0.17511559,-0.8938656,-1.0657406,-1.5969906,-1.6907406,-1.9251156,-2.1282406,-2.7219906,-3.5501156,-4.7063656,-5.8782406,-7.1126156,-7.9251156,-8.346991,-7.5813656
1.2467594,1.0592594,1.0280094,1.5280094,0.7155094,0.4030094,0.3405094,0.21550941,-0.14386559,0.6686344,0.23113441,0.9655094,-0.096990585,-0.081365585,-0.3001156,0.3561344,0.18425941,-0.065740585,-0.3938656,-0.19074059,-0.20636559,-0.4719906,-0.4563656,-0.20636559,-0.5032406,-0.081365585,0.7936344,1.0123844,0.3248844,0.6686344,-0.096990585,-0.3469906,-0.4407406,-0.4563656,-0.5813656,-0.5188656,-0.8001156,-0.5969906,-0.6751156,-0.8469906,-0.9407406,-0.8782406,-1.1751156,-0.4876156,-0.7063656,-1.0188656,-0.9563656,-1.4876156,-1.1594906,-1.6907406,-2.7532406,-3.7219906,-5.3782406,-7.2844906,-8.550116,-9.596991,-10.362616
0.8248844,1.3092594,0.4342594,0.6686344,1.1686344,0.4655094,0.6061344,0.6061344,0.18425941,0.012384415,-0.15949059,0.16863441,0.6061344,1.9655094,1.0123844,-0.22199059,-0.20636559,0.15300941,-0.23761559,-0.065740585,-0.050115585,-0.065740585,-0.17511559,-0.050115585,0.028009415,0.4498844,0.6842594,0.5436344,1.1686344,1.1530094,0.3092594,-0.17511559,-0.0032405853,-0.050115585,-0.5657406,-0.4563656,-0.5657406,-0.7532406,-0.4094906,-0.2844906,-0.4251156,-0.9719906,-0.4719906,-0.4563656,-0.6594906,-1.0813656,-1.5032406,-1.1126156,-1.3626156,-0.9251156,-0.4407406,-0.6907406,-1.5501156,-4.6751156,-8.456366,-10.659491,-11.846991
0.8248844,0.5748844,-0.018865585,0.7467594,1.0436344,0.9030094,0.9498844,0.7623844,-0.5657406,0.121759415,-0.065740585,-0.0032405853,0.121759415,0.3248844,1.5905094,0.18425941,-0.3157406,-0.2844906,-0.081365585,-0.0032405853,-0.081365585,-0.081365585,0.043634415,0.21550941,0.4030094,0.3717594,0.9655094,1.6842594,1.3248844,1.6998844,1.2467594,1.5748844,0.9342594,0.4655094,-0.3313656,-0.4719906,-0.7219906,-0.6751156,-1.0969906,0.6842594,0.059259415,-0.5188656,-0.4094906,-0.7219906,-0.5344906,-0.6282406,-1.3469906,-0.4094906,-0.7063656,-1.2219906,-0.5032406,-0.3157406,0.012384415,-0.3938656,-4.2376156,-9.862616,-12.175116
0.5592594,0.2780094,-0.065740585,0.090509415,0.7623844,0.5123844,0.9655094,1.6686344,0.16863441,-0.112615585,0.028009415,-0.3001156,-0.15949059,0.043634415,0.3248844,0.5592594,0.3405094,-0.3938656,0.043634415,0.18425941,0.121759415,0.012384415,0.106134415,0.5123844,0.7155094,0.5748844,0.6998844,-0.018865585,0.9811344,1.3405094,0.4811344,0.21550941,0.16863441,-0.17511559,-0.5188656,-0.5344906,-1.0813656,-0.9407406,-1.6126156,-1.8938656,0.13738441,-0.5032406,-0.6751156,-0.20636559,-0.14386559,-0.5657406,-0.5813656,-0.8626156,-0.4094906,-0.7219906,-1.2063656,-0.5344906,-0.4407406,-0.6282406,-1.2063656,-3.8001156,-10.096991
-0.081365585,-0.050115585,0.090509415,0.106134415,-0.081365585,-0.112615585,-0.5344906,-0.096990585,0.2623844,-0.5188656,-0.3313656,0.059259415,-0.5188656,-0.5501156,-0.6282406,0.7467594,-0.4719906,-0.0032405853,-0.3001156,-0.3313656,0.090509415,0.13738441,0.4498844,0.23113441,0.7467594,0.9811344,0.8405094,0.5748844,-0.5813656,-0.8626156,-0.096990585,1.0280094,1.2623844,1.2936344,-0.050115585,-0.6594906,-0.7219906,-1.0032406,-1.9094906,-2.4407406,-1.8313656,-0.4407406,-0.4876156,-0.7532406,-0.4876156,-0.3469906,-0.4407406,-1.0813656,-1.0032406,-0.8469906,-0.9094906,-0.3938656,-0.081365585,0.15300941,-0.3938656,-0.20636559,-3.6282406
-0.22199059,-0.096990585,-0.12824059,-0.8313656,-1.0344906,-1.4251156,-1.1126156,-0.8001156,-1.1438656,-0.018865585,-1.3001156,-0.2844906,0.19988441,0.121759415,0.121759415,0.9811344,-0.4251156,-0.6594906,-0.3313656,0.121759415,0.3092594,0.9030094,0.4967594,0.3717594,0.23113441,0.5748844,1.1217594,1.2155094,0.9655094,0.3248844,0.23113441,0.6842594,0.106134415,-0.2844906,0.012384415,-0.050115585,-0.23761559,-0.3469906,-1.2844906,-1.0813656,-1.6907406,-0.5501156,-0.5657406,-0.9251156,-0.19074059,-0.7219906,-0.8938656,-0.8782406,-0.9876156,-1.0813656,-0.5813656,-0.3157406,-0.20636559,0.074884415,-0.9094906,-0.7688656,-1.5032406
-0.3001156,-0.5188656,-0.7063656,0.3092594,0.012384415,0.5592594,0.9030094,1.5123844,0.6842594,1.3717594,-1.3938656,-0.3626156,-0.2844906,-0.19074059,-0.9251156,-0.8157406,0.6530094,-1.1282406,-0.7688656,0.16863441,0.3561344,1.0436344,1.3873844,1.2936344,1.3873844,0.6530094,0.6998844,2.0280094,1.6061344,0.7623844,0.8405094,0.4498844,0.4030094,0.4186344,-0.065740585,-0.081365585,-0.6126156,-0.4094906,-0.19074059,-0.5188656,-0.6126156,-1.2219906,-0.5344906,-0.8782406,-0.6126156,-0.5969906,-0.9719906,-0.7063656,-1.0344906,-1.3782406,-1.5501156,-0.2688656,0.012384415,-0.3001156,0.043634415,-0.4407406,-0.3938656
-0.9407406,-1.1751156,-0.3938656,-0.065740585,-0.8469906,-0.4563656,-0.5032406,-1.0188656,0.6686344,0.19988441,0.4342594,-0.9251156,0.121759415,0.15300941,0.7467594,-0.8469906,-0.14386559,-0.096990585,-0.9563656,-0.6907406,0.4967594,1.1373844,0.5280094,0.028009415,0.7623844,0.8405094,1.0280094,1.3248844,2.7623844,0.9030094,0.4030094,0.5592594,1.3248844,3.0436344,1.4655094,0.012384415,-0.3626156,-1.2376156,-1.5501156,-1.0344906,-0.3157406,-0.4719906,-1.1594906,-0.8626156,-0.6438656,-0.8938656,-0.6594906,-0.050115585,-0.9563656,-2.5032406,-3.1438656,-1.4876156,-0.4876156,-0.5032406,-0.4251156,-0.12824059,-0.23761559
-0.9563656,-0.6282406,-0.4563656,-0.5813656,-0.9251156,-1.2376156,-0.7844906,0.23113441,-0.6907406,0.2623844,0.5748844,-0.8001156,-1.0813656,-0.050115585,-0.3313656,-0.5188656,-0.15949059,0.23113441,-0.3782406,-0.4094906,0.106134415,0.3092594,0.4186344,0.21550941,0.19988441,0.16863441,0.6217594,0.4342594,1.2936344,1.4342594,1.5436344,1.7311344,1.7467594,2.2936344,1.5280094,-0.17511559,-0.5969906,-0.4094906,-0.8001156,-0.8157406,-0.3782406,-0.3938656,-0.3938656,-1.4407406,-1.1751156,-0.8001156,-1.0501156,-0.8001156,-0.15949059,-1.5032406,-1.4251156,-1.8313656,-1.3313656,-0.3626156,-0.17511559,-0.17511559,0.5905094
-2.4563656,-2.3938656,-2.1594906,-2.0501156,-1.2844906,-1.6594906,-1.9876156,-1.8157406,-1.2844906,-1.6126156,-0.6282406,0.8873844,0.6061344,-1.2376156,-1.3157406,-0.14386559,-0.112615585,0.18425941,0.3405094,0.2936344,-0.4719906,0.2623844,1.0280094,0.4030094,0.2623844,0.6686344,0.7467594,0.090509415,0.5748844,0.15300941,0.5748844,0.8092594,0.8405094,1.0123844,0.5748844,0.3092594,-0.5657406,-0.7219906,-0.6907406,-1.2688656,-0.3782406,-0.5813656,-1.9563656,-1.5344906,-1.4251156,-0.8313656,-0.3469906,0.121759415,-0.050115585,-1.1907406,-1.7063656,-1.1282406,-0.8469906,-0.6126156,0.043634415,0.2623844,0.5280094
-0.7844906,-0.4719906,0.18425941,-1.7219906,0.090509415,-2.1126156,-2.1594906,-0.5032406,-1.8157406,-1.9407406,-1.2376156,-0.4876156,0.6686344,-0.5969906,-0.8626156,-1.7376156,-0.4094906,-0.3782406,-0.12824059,-0.23761559,0.3561344,-0.018865585,0.5436344,1.5436344,1.5905094,1.4655094,0.074884415,-1.1126156,-1.5344906,-1.7219906,-1.3001156,-0.5657406,0.23113441,0.16863441,0.028009415,0.16863441,0.13738441,0.106134415,-0.7844906,-1.1594906,-1.5032406,0.6217594,-0.5032406,-1.2532406,-0.8313656,-0.8626156,-0.5657406,-0.4094906,-0.2844906,-2.0344906,-2.0657406,-1.7376156,-1.2219906,-0.9563656,-0.3001156,0.21550941,-0.3157406
0.7311344,1.6686344,-0.050115585,1.6061344,2.0123844,1.0280094,-0.9407406,-0.7532406,-0.4719906,-1.2219906,-1.3313656,-1.3626156,-2.8782406,-1.8313656,-1.1751156,-1.6438656,-0.8782406,0.4811344,0.5905094,0.3873844,-0.12824059,-0.018865585,0.3092594,1.1998844,0.5905094,1.5436344,0.21550941,-0.8001156,-0.4251156,-0.5344906,-0.7844906,-0.4876156,-0.065740585,0.23113441,0.6061344,0.4342594,0.043634415,0.21550941,-0.19074059,-1.6282406,-1.9563656,-1.1126156,0.3561344,-0.19074059,-0.8001156,-0.7844906,-0.3313656,0.3717594,0.2936344,-0.9719906,-1.7376156,-1.8469906,-1.1126156,-1.7688656,-1.2376156,-0.5969906,-0.2844906
1.0436344,1.1217594,2.5592594,2.5123844,1.9498844,0.6998844,0.2780094,-0.8001156,-0.6907406,-0.8313656,-1.9407406,-2.7376156,-1.6126156,0.13738441,0.3561344,-0.4094906,0.3561344,0.3561344,0.9342594,1.5592594,0.7623844,0.4811344,0.6217594,0.6373844,0.5748844,0.2936344,0.3873844,-0.3001156,-0.4251156,-0.6438656,-0.12824059,0.21550941,0.5748844,0.8405094,0.6686344,0.21550941,-0.2532406,-0.8626156,-1.1907406,-1.0501156,-1.2376156,-1.5657406,-0.8626156,-0.17511559,-0.7063656,-0.5344906,0.012384415,0.4030094,0.24675941,0.106134415,-1.4251156,-2.4563656,-2.1282406,-1.6282406,-1.5344906,-0.4251156,-1.9094906
0.7623844,0.4498844,0.9811344,0.8248844,0.3561344,0.074884415,0.3561344,0.3717594,-0.15949059,-0.5501156,-1.8313656,-0.3626156,-1.5501156,-0.4407406,1.3873844,0.9030094,0.3092594,1.2623844,0.8405094,1.4030094,0.7936344,0.9655094,0.7467594,1.0436344,0.9655094,-0.9876156,-0.7532406,-0.2688656,-0.2844906,-1.1126156,-1.1751156,-0.8782406,-0.8001156,-0.3001156,0.4811344,0.7155094,-0.5344906,-0.4719906,-0.6751156,-1.2063656,-1.5188656,-1.8782406,-2.0188656,-0.5657406,-0.5501156,-0.5501156,-0.096990585,0.24675941,-0.15949059,-0.8469906,-0.081365585,-1.5344906,-2.4251156,-2.4719906,-1.7376156,-1.1594906,-0.4719906
1.3561344,1.5280094,1.0592594,1.8561344,2.0748844,3.0905094,2.1373844,0.9186344,0.13738441,-0.15949059,-0.8157406,-0.2844906,0.6530094,0.9811344,0.15300941,1.1686344,1.1686344,0.6842594,0.8248844,1.7780094,1.8092594,1.3092594,0.9811344,1.0592594,0.3873844,-0.4876156,-0.5344906,-0.8001156,-1.4876156,-1.4719906,-0.9876156,-1.2063656,-1.0501156,-1.2063656,-0.8313656,0.6530094,0.4498844,-1.2532406,-0.2844906,-0.7063656,-1.3313656,-2.0188656,-1.5657406,-1.1126156,-0.9251156,-0.9251156,-0.8938656,-0.19074059,0.6061344,1.6373844,0.9030094,-0.6282406,-1.7844906,-1.6594906,-1.3157406,-0.9563656,-0.7063656
3.9811344,2.0280094,1.5748844,1.0592594,1.6686344,3.2936344,0.8717594,0.18425941,0.090509415,-0.0032405853,-0.3469906,-1.1594906,0.028009415,1.2623844,0.23113441,0.6061344,0.9967594,0.6061344,0.7936344,1.0436344,1.5905094,1.7311344,1.0905094,1.6530094,0.3248844,-0.018865585,0.19988441,-0.6751156,-1.5344906,-1.4563656,-0.7376156,-0.9876156,-1.1126156,-0.6907406,-1.0657406,-1.5188656,0.3405094,0.4967594,-0.3938656,-0.3469906,-0.8469906,-1.3782406,-0.112615585,-0.096990585,-0.2532406,-0.3938656,-0.3469906,-0.065740585,0.6686344,2.1530094,1.8092594,0.8873844,-1.4719906,-2.5344906,-0.9876156,-0.7844906,-0.4251156
4.6842594,3.6998844,1.8092594,2.1217594,3.4030094,4.3873844,3.9967594,2.2467594,1.4186344,0.7936344,0.8248844,2.2155094,2.0748844,1.1217594,1.9342594,1.5905094,0.8561344,1.2780094,0.8561344,1.1842594,0.9655094,0.3717594,0.16863441,0.043634415,-0.4094906,-0.19074059,0.7780094,-0.4407406,-1.8313656,-1.7532406,-0.7376156,-0.5344906,-0.8313656,-1.1126156,-0.7063656,-0.8469906,-0.7219906,0.3873844,1.2311344,0.9655094,0.15300941,0.5280094,0.7780094,-0.0032405853,0.18425941,-0.034490585,-0.3626156,0.3717594,1.3561344,1.6998844,1.0748844,0.074884415,0.074884415,-1.1126156,-1.3626156,-0.4563656,-0.17511559
4.1998844,4.2936344,3.3092594,3.1686344,4.8092594,5.6061344,6.1842594,4.2467594,2.7155094,2.3405094,1.0905094,1.1530094,1.5123844,2.2155094,1.1998844,1.4655094,1.2936344,1.1686344,0.5436344,0.2936344,-0.6751156,-0.8313656,-0.17511559,-0.018865585,0.012384415,0.090509415,0.4342594,-0.3626156,-0.6751156,-1.9407406,-1.2376156,-0.3938656,-0.4719906,-0.4094906,-0.7844906,-0.8001156,-1.0344906,-1.6126156,-1.4719906,-0.9876156,-0.6282406,-0.7376156,-0.065740585,0.5280094,0.6217594,0.8717594,0.4967594,0.7311344,0.7780094,-0.081365585,-0.19074059,-0.8157406,-0.5344906,-0.5501156,-0.7844906,-0.4876156,-0.2688656
4.2467594,4.1998844,2.5592594,0.6530094,1.5905094,4.4186344,5.6217594,3.1061344,2.2780094,1.5748844,1.8873844,1.6998844,2.4498844,1.8092594,0.7311344,1.5748844,1.2311344,0.4030094,-0.4563656,-0.7532406,-1.0657406,-1.1751156,-0.7688656,-0.4407406,0.3248844,-0.14386559,-0.034490585,-0.034490585,-0.0032405853,-0.8938656,-1.2532406,-0.5344906,-0.5344906,-0.5501156,-0.065740585,-0.112615585,-0.096990585,-0.3001156,-0.4094906,-0.5344906,0.5592594,0.9186344,1.6998844,2.0280094,2.0123844,1.5905094,1.1530094,-0.081365585,-0.9251156,-0.9094906,-0.8157406,0.028009415,1.0592594,0.7936344,0.106134415,-0.4563656,-0.4563656
4.1686344,3.9498844,3.1998844,2.8873844,3.0905094,2.9186344,3.7623844,1.8561344,2.1842594,2.8717594,3.2311344,3.3717594,1.5592594,1.4030094,0.4967594,0.2780094,0.5748844,0.8717594,0.7780094,0.15300941,-1.1438656,-1.3782406,-1.0032406,-0.6438656,-0.5344906,-0.4407406,0.15300941,-0.3469906,-0.12824059,-0.2532406,-0.5188656,-0.2532406,0.15300941,-0.19074059,-0.2532406,-0.3313656,0.074884415,0.4811344,0.9030094,1.4498844,1.3873844,0.7936344,1.1530094,1.0905094,1.7311344,0.8092594,-0.2688656,-1.0501156,-0.22199059,0.059259415,0.106134415,0.6373844,0.9186344,0.4811344,0.074884415,-0.20636559,-0.22199059
3.9967594,4.3561344,4.0280094,5.0748844,4.0748844,4.5748844,5.2936344,4.8873844,4.9186344,4.7780094,3.3405094,1.4967594,0.6842594,0.3405094,0.3717594,0.8717594,0.9498844,1.0280094,0.5436344,0.5280094,0.19988441,-0.2844906,-0.6282406,-0.3626156,-0.2532406,0.19988441,-0.4876156,-0.5344906,-0.3001156,-0.2688656,-0.050115585,-0.0032405853,0.15300941,0.5748844,0.5436344,0.9655094,1.0436344,1.2623844,1.2155094,0.7780094,0.4342594,0.3092594,0.3405094,-0.5813656,-0.034490585,0.19988441,0.9655094,0.8248844,0.7780094,0.8561344,0.7155094,0.7311344,0.7311344,0.5280094,0.4186344,0.23113441,0.074884415
7.0905094,6.3405094,5.9186344,5.9967594,6.2780094,6.5905094,5.4811344,5.2780094,5.4186344,3.6217594,1.7467594,1.9342594,1.6842594,0.6373844,0.4967594,0.7780094,0.5280094,-0.050115585,0.5280094,1.5592594,1.2467594,0.4811344,0.4342594,0.028009415,0.24675941,0.2936344,-0.20636559,-0.112615585,0.8092594,0.6061344,0.7467594,1.0436344,-0.018865585,-0.5969906,-0.8938656,-1.1438656,0.012384415,0.8717594,0.6998844,0.4498844,0.2780094,0.028009415,-0.5032406,-0.2532406,-0.6751156,-0.4719906,1.1061344,1.6061344,1.7311344,1.3561344,0.9655094,0.9967594,0.8561344,0.6686344,0.4655094,0.3873844,0.2780094
4.5123844,5.3717594,5.3092594,5.9498844,6.1998844,5.4030094,5.1061344,4.9498844,4.2467594,3.7780094,4.4967594,4.5905094,3.7623844,1.2780094,1.4030094,0.5436344,0.15300941,0.9967594,1.5436344,2.1373844,2.2623844,1.7467594,0.23113441,-0.20636559,0.23113441,0.6842594,0.8561344,0.6373844,0.15300941,0.8561344,1.3092594,0.8561344,0.6217594,0.9186344,0.4498844,0.16863441,0.4498844,1.0280094,0.24675941,0.5436344,0.8248844,0.4811344,0.2780094,0.21550941,0.6217594,0.21550941,1.1061344,1.5280094,1.7623844,1.6217594,1.4811344,1.2780094,0.9498844,0.6217594,0.4655094,0.4811344,0.4967594
