leaflet-velocity-master/demo/wind-global.json
{"header": { "discipline":0, "gribEdition":2, "gribLength":15481, "center":34, "subcenter":0, "refTime":"2021-04-18T00:00:00.000Z", "significanceOfRT":1, "productStatus":0, "productType":1, "productDefinitionTemplate":0, "parameterCategory":2, "parameterNumber":2, "parameterUnit":"m.s-1", "genProcessType":1, "forecastTime":0, "surface1Type":103, "surface1Value":10.0, "surface2Type":255, "surface2Value":-9.999E-252, "gridDefinitionTemplate":0, "numberPoints":10201, "shape":6, "gridUnits":"degrees", "resolution":48, "winds":"true", "scanMode":64, "nx":101, "ny":101, "basicAngle":0, "lo1":90.0, "la1":-5.0, "lo2":140.0, "la2":45.0, "dx":0.5, "dy":0.5 }, "data":
[rows 0 to 24 of 101, columns 0 to 56 of 101]
-3.9287567,-3.8818817,-4.0850067,-4.1787567,-3.7725067,-3.5068817,-3.5225067,-3.8818817,-3.6943817,-3.2725067,-2.8662567,-2.4600067,-2.3506317,-2.1475067,-1.8037567,-2.0068817,-1.6162567,-1.9287567,-2.1943817,-2.3037567,-2.1475067,-1.5225067,-0.8975067,-1.1631317,-1.2881317,-1.0381317,-0.9600067,-0.6006317,0.055618286,0.5243683,-0.038131714,0.055618286,2.1493683,1.8368683,0.9931183,1.0712433,1.8837433,1.4931183,0.8056183,0.7274933,0.5243683,-0.4912567,-0.9287567,-0.9443817,-0.4912567,-2.5693817,-2.8662567,-2.6475067,-2.6162567,-2.5693817,-2.5225067,-2.3193817,-2.1631317,-2.2256317,-2.3662567,-2.5850067,-2.4131317
-2.9756317,-3.4287567,-3.6943817,-3.8193817,-3.6475067,-3.1475067,-2.7881317,-3.3350067,-3.5225067,-3.1162567,-2.8193817,-2.4600067,-2.3662567,-2.1943817,-1.8506317,-1.8662567,-1.6318817,-1.3662567,-1.4131317,-1.5225067,-1.3037567,-0.7256317,-0.4600067,-0.3506317,-0.4756317,-1.1631317,-0.7256317,0.118118286,1.0556183,-0.2568817,-0.3350067,-0.006881714,1.8524933,1.7431183,1.5243683,1.6806183,1.9774933,1.5243683,0.6181183,0.6649933,0.9931183,0.3212433,-0.3037567,-0.7881317,0.3056183,-0.6475067,-2.5068817,-2.0537567,-1.7100067,-1.6943817,-1.6943817,-1.5068817,-1.2412567,-1.2100067,-1.3037567,-1.2256317,-0.6006317
-2.3506317,-3.0381317,-3.2100067,-3.1318817,-3.3506317,-3.1631317,-2.6318817,-2.6318817,-3.1943817,-2.9131317,-2.6006317,-2.3350067,-2.4600067,-2.2256317,-1.8662567,-1.6162567,-1.2412567,-1.0381317,-1.4443817,-1.3818817,-1.0693817,-0.6318817,-0.5537567,-0.085006714,-0.8506317,-0.5225067,0.024368286,0.7274933,0.071243286,-0.3037567,-0.3350067,-0.21000671,1.5399933,1.4618683,1.4618683,1.6337433,1.9149933,1.7274933,0.5868683,0.102493286,1.2743683,1.0868683,0.6493683,0.19624329,0.6493683,1.2431183,-1.6787567,-1.4131317,-1.2412567,-1.4287567,-0.085006714,0.3056183,-0.100631714,0.086868286,-0.053756714,-0.2568817,-0.22563171
-1.8350067,-2.4756317,-2.5225067,-2.6475067,-2.7725067,-2.9912567,-2.6631317,-2.1162567,-2.4287567,-2.6631317,-2.3662567,-2.0381317,-2.1475067,-2.2412567,-2.0225067,-1.6162567,-1.1475067,-0.7725067,-1.0225067,-1.3818817,-1.4600067,-1.0537567,-0.5537567,-0.21000671,-0.7412567,0.4462433,1.0712433,-0.2568817,-0.5850067,-0.3662567,-0.4756317,-0.2725067,0.9306183,1.1493683,1.3212433,1.5399933,1.8524933,1.7743683,0.7118683,-0.3037567,1.1337433,1.5712433,1.0868683,1.0556183,1.0712433,2.6806183,0.7118683,-0.5850067,-0.9600067,-0.6631317,-0.13188171,0.22749329,0.4931183,1.4149933,0.8056183,0.5556183,-0.19438171
-1.3818817,-1.8975067,-1.6475067,-2.1475067,-2.1475067,-2.4131317,-2.5693817,-2.1475067,-1.8037567,-1.9443817,-2.1006317,-1.6787567,-1.7256317,-2.2256317,-2.4600067,-1.7100067,-1.3350067,-0.7256317,-0.6475067,-1.4756317,-1.1787567,-0.8193817,-0.8506317,-0.4131317,-0.5537567,1.2118683,-0.085006714,-0.022506714,-0.17875671,-0.2881317,-0.4131317,-0.2568817,0.024368286,0.5712433,0.8837433,0.7431183,0.4931183,1.6493683,0.7899933,0.3681183,0.6806183,1.2274933,1.4618683,0.7587433,0.3837433,1.9462433,1.4774933,0.16499329,0.3212433,0.071243286,-0.14750671,0.3837433,0.5556183,2.9931183,1.5712433,0.9774933,0.16499329
-1.1475067,-1.4443817,-1.3506317,-1.6787567,-1.8193817,-1.9756317,-2.2256317,-2.0225067,-1.6006317,-1.2100067,-1.4756317,-1.3350067,-1.2881317,-1.9912567,-2.7256317,-1.8975067,-1.3662567,-1.2256317,-0.8975067,-1.0225067,-0.9600067,-1.1787567,-1.0068817,-1.2100067,1.1024933,0.055618286,-0.100631714,0.14936829,0.22749329,0.21186829,-0.116256714,-0.6162567,-0.4756317,-0.053756714,0.13374329,1.2431183,1.8837433,2.1181183,1.5556183,1.1649933,0.6337433,0.2743683,0.3524933,0.3056183,0.4306183,0.7743683,0.4618683,0.2743683,0.5868683,1.0712433,0.5868683,0.2899933,0.3837433,2.1181183,2.7587433,1.3837433,0.8681183
-0.9443817,-1.1006317,-1.0850067,-1.3350067,-1.5693817,-1.8193817,-1.9287567,-1.7256317,-1.3037567,-0.9600067,-0.9287567,-1.1006317,-1.0850067,-1.7412567,-2.6162567,-1.9287567,-1.1475067,-1.2725067,-1.1006317,-0.8975067,-0.9912567,-0.6475067,-0.7725067,0.8212433,0.9462433,0.039993286,-0.085006714,0.039993286,0.039993286,0.6181183,1.0868683,-0.5225067,-0.24125671,-0.4756317,-0.3818817,1.5399933,2.1806183,2.2899933,2.1806183,1.3993683,0.3524933,0.14936829,0.3368683,0.4306183,0.6024933,0.7431183,0.7743683,0.4306183,0.5868683,0.6806183,0.5556183,0.6806183,0.3368683,1.9462433,3.2587433,2.2274933,2.0243683
-0.8662567,-1.0225067,-1.1006317,-1.1162567,-0.9756317,-1.3037567,-1.4912567,-1.3818817,-0.9131317,-0.8037567,-0.7256317,-0.8975067,-1.0850067,-1.5068817,-2.3037567,-1.8193817,-1.4443817,-1.1162567,-0.19438171,-1.0537567,-0.8193817,-1.3506317,0.6806183,0.8681183,0.24311829,0.18061829,0.071243286,-0.006881714,-0.100631714,1.8524933,3.1493683,0.3837433,-0.3506317,-0.9912567,-0.8506317,1.0556183,2.1024933,2.1649933,1.5712433,0.8212433,0.102493286,-0.053756714,0.2587433,0.3056183,0.5087433,0.7274933,0.4774933,0.4931183,0.6649933,0.7431183,0.5243683,0.7431183,0.3524933,1.1337433,3.1962433,3.0556183,3.1337433
-0.8818817,-0.8818817,-1.0068817,-0.7568817,-0.4131317,-0.7725067,-1.2256317,-1.0693817,-0.6475067,-0.6475067,-0.6787567,-0.7256317,-0.9756317,-1.3506317,-2.3662567,-1.6475067,-1.4287567,-0.8350067,-0.4287567,-0.8975067,-0.7725067,-0.8662567,1.2899933,0.24311829,0.008743286,-0.006881714,0.071243286,0.4618683,1.9149933,4.5087433,3.6493683,1.5712433,0.4149933,-0.4912567,-0.7568817,0.19624329,1.7118683,2.2431183,1.7274933,-0.19438171,-0.17875671,0.008743286,0.102493286,0.102493286,0.3368683,0.4774933,0.071243286,0.6493683,0.5868683,0.6024933,0.5556183,0.5712433,0.6024933,0.8837433,1.4149933,3.3368683,3.8837433
-0.8193817,-0.8350067,-0.6631317,-0.4600067,-0.5068817,-1.0693817,-1.3818817,-0.9131317,-0.5850067,-0.5381317,-0.5068817,-0.5850067,-0.7881317,-1.1631317,-2.1943817,-1.7881317,-1.5693817,-0.4287567,-0.6631317,-1.2725067,-0.6006317,0.7274933,0.6337433,0.16499329,0.039993286,0.055618286,0.102493286,1.2587433,4.5399933,2.6181183,2.8368683,2.7118683,1.8212433,0.7743683,-0.038131714,0.2743683,1.3212433,2.0243683,0.9462433,-0.3506317,-0.14750671,-0.022506714,0.024368286,-0.085006714,-0.038131714,0.5556183,0.6181183,0.4462433,0.4306183,0.3681183,0.3368683,0.6649933,0.9931183,2.2743683,1.5556183,2.8368683,4.5087433
-0.9443817,-0.8193817,-0.5537567,-0.5693817,-1.1318817,-1.6943817,-1.5068817,-0.8662567,-0.5850067,-0.3037567,-0.14750671,-0.3037567,-0.5850067,-0.9756317,-1.7725067,-1.8818817,-1.8193817,-1.1943817,-0.6162567,-1.4287567,-0.8506317,0.9774933,0.6337433,-0.053756714,0.024368286,-0.053756714,0.008743286,0.6181183,4.1649933,3.3524933,2.6493683,2.7118683,2.0243683,1.2431183,0.5712433,0.8368683,1.4618683,1.8524933,1.3993683,-0.21000671,-0.085006714,-0.022506714,-0.17875671,-0.2568817,0.086868286,0.4149933,0.5556183,0.6806183,0.24311829,0.3681183,0.7118683,0.3212433,1.6649933,2.3681183,2.7118683,3.7431183,4.4462433
-0.8975067,-0.7725067,-0.8037567,-0.8037567,-1.2568817,-1.4443817,-1.1787567,-0.7256317,-0.4443817,-0.085006714,0.21186829,0.2587433,0.3524933,-0.5537567,-2.1475067,-2.5693817,-1.9287567,-2.0381317,-1.2412567,-0.9131317,1.3368683,0.5712433,0.055618286,-0.069381714,-0.038131714,-0.069381714,0.7118683,2.8681183,4.8368683,4.0712433,3.1493683,3.0087433,1.3681183,1.0243683,1.1181183,1.6337433,1.8212433,1.5243683,-0.2725067,-0.085006714,0.055618286,0.008743286,-0.2725067,-0.5225067,0.2587433,0.5087433,0.5243683,0.5712433,0.3524933,0.6181183,0.5087433,0.2743683,1.2587433,2.5399933,2.1962433,3.4462433,4.1806183
-0.6162567,-0.6162567,-0.7725067,-0.5850067,-0.6318817,-0.8037567,-0.7881317,-0.5381317,-0.3350067,-0.069381714,0.4149933,0.8681183,1.1181183,0.5712433,-2.3350067,-1.4756317,-1.6006317,-1.9131317,-0.8975067,0.16499329,0.7743683,0.008743286,-0.085006714,-0.038131714,-0.038131714,0.102493286,0.9774933,4.1181183,2.8681183,2.1493683,2.9931183,2.6181183,1.7431183,1.6181183,1.6493683,2.0556183,2.1806183,1.6181183,-0.16313171,-0.3506317,0.22749329,-0.22563171,-0.21000671,-0.3662567,0.19624329,0.5712433,0.4931183,0.5087433,0.5712433,0.6962433,0.2587433,0.118118286,0.7899933,0.3212433,1.5243683,2.6493683,1.1181183
-0.3350067,-0.2725067,-0.3662567,-0.16313171,-0.085006714,-0.3662567,-0.4600067,-0.21000671,-0.053756714,0.19624329,0.6024933,1.1962433,1.3524933,1.4774933,-2.6006317,-2.4287567,-2.3818817,-1.7725067,-0.7100067,1.1962433,0.008743286,-0.038131714,-0.069381714,-0.053756714,0.8212433,2.2743683,3.1337433,0.8524933,1.2587433,3.1806183,2.8056183,2.0556183,1.6962433,1.8681183,1.6806183,1.7743683,2.0243683,1.9462433,0.8837433,-0.3350067,0.19624329,0.055618286,-0.3818817,-0.3037567,0.3212433,0.4774933,0.5868683,0.16499329,0.055618286,0.9931183,0.4618683,0.19624329,0.8993683,-0.069381714,0.3212433,0.4306183,0.5556183
-0.17875671,-0.085006714,0.102493286,0.24311829,0.21186829,-0.006881714,0.13374329,0.2743683,0.4462433,0.5868683,0.8368683,1.1024933,1.1806183,1.1181183,-2.9443817,-3.4600067,-2.0537567,-0.9912567,-0.2881317,1.6181183,-0.006881714,0.024368286,-0.038131714,0.5399933,2.9149933,1.6337433,-0.069381714,0.18061829,1.1181183,3.9306183,2.5399933,1.4774933,1.0556183,1.6806183,1.5243683,1.5087433,1.7899933,2.0087433,2.2743683,0.8524933,2.1649933,2.5399933,0.7431183,0.16499329,0.24311829,0.4931183,0.5399933,0.086868286,0.055618286,0.3212433,0.8837433,0.3368683,0.6181183,0.16499329,0.102493286,0.18061829,1.6181183
0.055618286,0.13374329,0.3837433,0.3993683,0.3837433,0.3837433,0.7899933,0.7899933,0.8212433,1.0243683,1.2431183,0.8993683,0.4462433,-0.3037567,-3.3350067,-2.8350067,-1.0068817,-0.7568817,0.4149933,1.0868683,0.008743286,0.6806183,1.2743683,1.5243683,0.7274933,-0.022506714,-0.24125671,0.3056183,2.0243683,3.0556183,1.7587433,0.9149933,0.7743683,1.3681183,1.4462433,1.5556183,1.8212433,2.1181183,2.6024933,3.0712433,3.5243683,3.3681183,2.4149933,0.008743286,0.22749329,0.3837433,0.3837433,0.18061829,0.008743286,-0.085006714,1.1024933,0.3993683,0.4306183,0.3837433,0.086868286,0.18061829,1.6493683
0.24311829,0.4618683,0.7743683,0.6649933,0.5556183,0.8837433,1.4149933,1.4306183,1.3837433,1.4618683,1.6493683,1.1649933,0.5556183,-0.9756317,-2.5381317,-1.3662567,-0.6162567,0.3837433,1.0087433,0.024368286,0.2587433,0.8837433,0.5868683,-0.24125671,0.086868286,0.13374329,0.2587433,2.1024933,2.5556183,2.2587433,1.1493683,0.9149933,0.8837433,1.3212433,1.5243683,1.7118683,2.1024933,2.2899933,2.4462433,2.7743683,3.1024933,3.1649933,3.0243683,2.5087433,1.6337433,0.8681183,0.3837433,0.118118286,0.024368286,-0.038131714,0.9618683,0.9618683,0.5399933,0.102493286,0.22749329,0.4618683,2.5087433
0.2587433,0.5087433,1.0399933,1.1649933,1.0243683,1.3993683,1.8837433,2.0243683,2.0087433,1.8368683,1.8368683,1.2743683,-0.085006714,-1.7568817,-1.4443817,0.3837433,1.8212433,0.22749329,0.008743286,-0.069381714,0.6337433,0.16499329,-0.5850067,-0.5068817,0.4774933,0.055618286,0.3368683,2.6337433,3.0087433,2.0712433,0.8056183,0.8056183,0.8837433,1.0399933,1.1493683,1.5243683,1.9931183,2.5243683,2.9462433,2.8524933,2.7118683,3.0087433,3.2118683,3.3056183,2.9618683,2.2274933,1.0087433,0.2743683,0.039993286,-0.17875671,0.118118286,1.1493683,0.6024933,0.24311829,0.21186829,0.8681183,3.1649933
0.4462433,0.5556183,0.8993683,1.3368683,1.4774933,1.9149933,2.2274933,2.4931183,2.5712433,2.2899933,2.0087433,0.19624329,-1.6787567,-1.0693817,-1.4912567,0.8681183,1.9774933,0.071243286,0.16499329,0.14936829,0.3056183,-1.0850067,-0.2568817,-0.2881317,0.13374329,-0.006881714,0.5243683,2.0399933,2.3837433,1.1181183,0.18061829,0.3368683,0.4774933,0.6649933,0.9618683,1.4774933,1.2431183,2.1962433,3.4462433,3.3837433,2.7118683,3.0868683,3.4149933,3.3212433,2.9306183,2.2899933,1.3368683,0.4306183,0.086868286,-0.022506714,0.024368286,0.4618683,0.9462433,0.3993683,0.3056183,0.5399933,3.8681183
0.8993683,0.8056183,0.9306183,1.4306183,1.6493683,2.1493683,2.7431183,2.9149933,3.0868683,2.9774933,1.7274933,-1.5068817,-0.8818817,-1.3350067,0.9462433,1.1181183,0.24311829,0.4149933,0.18061829,0.024368286,-0.22563171,-1.1318817,-0.17875671,0.5243683,-0.085006714,-0.022506714,0.6493683,1.2743683,1.3056183,0.118118286,-0.2725067,-0.053756714,0.22749329,0.5712433,0.9774933,1.4774933,1.9931183,2.6024933,3.2274933,3.6962433,3.1024933,3.0399933,3.3524933,3.1806183,2.8212433,2.2118683,1.6962433,1.0556183,0.4306183,0.118118286,-0.085006714,0.16499329,1.1649933,0.19624329,0.5868683,0.008743286,0.7743683
1.1806183,1.1493683,1.4931183,1.6962433,1.9931183,2.1806183,2.8681183,3.1649933,3.3524933,3.3212433,0.8368683,-1.0068817,-0.3506317,0.9149933,0.5712433,0.086868286,0.4931183,0.4462433,0.5556183,-0.085006714,-0.3037567,-0.4287567,-0.13188171,0.4931183,0.19624329,-0.053756714,0.4931183,1.3524933,0.3056183,-0.5068817,-0.3662567,-0.069381714,0.14936829,0.4149933,0.7431183,1.1337433,1.4618683,1.9462433,2.6024933,3.3056183,3.6337433,3.6024933,3.3837433,3.1962433,2.9306183,2.4618683,1.8837433,1.4931183,1.6024933,1.2743683,0.3368683,0.3993683,0.9149933,1.0087433,0.4462433,0.2899933,0.2587433
1.3993683,1.4774933,1.8056183,2.1337433,2.6493683,2.2587433,2.7587433,3.3993683,3.4149933,3.1337433,1.8056183,0.3056183,1.2274933,1.9306183,1.0712433,0.9306183,1.0087433,0.8837433,0.6806183,-0.17875671,-0.038131714,-0.3818817,-0.006881714,-0.100631714,0.4462433,0.13374329,0.6806183,0.8368683,-0.2881317,-0.7100067,-0.3506317,-0.116256714,-0.022506714,0.16499329,0.3993683,0.6493683,0.8681183,1.4306183,2.1806183,2.7431183,3.0399933,3.2431183,3.3056183,3.3368683,3.1962433,3.0087433,2.8837433,2.5087433,2.2587433,2.1181183,1.6962433,0.4931183,1.3212433,1.4774933,0.4462433,0.7899933,0.21186829
1.6962433,1.8681183,2.0399933,2.4774933,3.1493683,2.6649933,2.8837433,3.7274933,3.6337433,3.1962433,3.1024933,3.6493683,3.1962433,2.2118683,1.6962433,1.9774933,1.6181183,0.9931183,0.5556183,0.118118286,0.2899933,-0.2568817,-0.100631714,0.4306183,0.18061829,1.1337433,0.5868683,0.22749329,-0.3975067,-0.7725067,-0.3506317,-0.19438171,-0.19438171,-0.038131714,0.055618286,0.13374329,0.4774933,1.2118683,1.8993683,2.2743683,2.4462433,2.7118683,2.9462433,3.1024933,2.9306183,2.7743683,2.8681183,3.1337433,3.3056183,3.4149933,2.7118683,1.6337433,-0.4287567,1.4931183,0.3837433,0.3681183,2.2274933
1.9774933,2.5399933,2.4149933,2.8681183,3.6024933,3.1181183,3.1806183,3.8524933,4.0243683,3.5556183,3.1337433,2.8681183,3.0087433,2.8681183,2.0712433,1.8524933,1.8212433,0.8993683,0.8993683,0.4774933,0.5087433,0.14936829,0.2743683,0.3056183,1.0087433,1.0868683,0.8212433,0.5556183,-0.3037567,-0.6162567,-0.2725067,-0.22563171,-0.3193817,-0.2725067,-0.3818817,-0.14750671,0.5399933,1.2274933,1.7118683,1.9306183,2.0712433,2.2743683,2.3993683,2.4306183,2.4149933,2.6649933,3.0556183,3.3368683,3.5399933,3.8681183,4.1337433,3.8212433,2.9149933,3.8212433,1.3993683,2.2899933,6.6649933
2.3837433,3.1649933,2.9462433,3.4618683,3.9774933,3.7118683,3.6806183,3.1181183,3.4306183,4.0399933,3.6806183,3.0868683,3.1181183,3.3212433,2.0087433,1.4462433,2.0399933,1.3993683,1.2431183,0.21186829,0.055618286,0.5712433,1.6649933,1.7431183,1.3212433,1.3837433,1.3056183,0.7743683,-0.116256714,-0.24125671,-0.022506714,-0.17875671,-0.3818817,-0.4912567,-0.5381317,-0.116256714,0.6649933,1.0868683,1.3837433,1.4774933,1.6806183,1.7118683,1.6962433,1.9306183,2.4618683,3.0243683,3.3681183,3.6024933,3.8993683,4.2587433,4.5868683,4.8524933,4.9618683,6.2587433,5.9462433,7.0868683,7.9462433
