leaflet-velocity-master/demo/wind-global.json
{"header": { "discipline":0, "gribEdition":2, "gribLength":15481, "center":34, "subcenter":0, "refTime":"2021-04-18T00:00:00.000Z", "significanceOfRT":1, "productStatus":0, "productType":1, "productDefinitionTemplate":0, "parameterCategory":2, "parameterNumber":3, "parameterUnit":"m.s-1", "genProcessType":1, "forecastTime":0, "surface1Type":103, "surface1Value":10.0, "surface2Type":255, "surface2Value":-9.999E-252, "gridDefinitionTemplate":0, "numberPoints":10201, "shape":6, "gridUnits":"degrees", "resolution":48, "winds":"true", "scanMode":64, "nx":101, "ny":101, "basicAngle":0, "lo1":90.0, "la1":-5.0, "lo2":140.0, "la2":45.0, "dx":0.5, "dy":0.5 }, "data":
[rows 26 to 51 of 101, columns 0 to 56 of 101]
1.9342594,1.9342594,1.7311344,1.8248844,1.6217594,1.2467594,1.0905094,0.8717594,0.8873844,1.0280094,0.8248844,0.6373844,0.4967594,0.19988441,-0.12824059,-0.5188656,-1.0813656,-1.0969906,-0.050115585,0.074884415,0.3248844,0.8248844,1.5748844,2.7467594,3.1842594,2.9967594,2.6842594,2.1842594,2.0280094,1.8561344,1.0592594,1.0280094,1.0592594,0.2780094,-0.8626156,-1.7532406,-1.7844906,-1.6126156,-1.6438656,-1.6126156,-1.1751156,-0.6751156,-1.0657406,-1.0969906,-1.0032406,-1.2844906,-1.1282406,-0.9407406,-0.7063656,-0.5657406,-0.4719906,-0.3938656,-0.3001156,-0.4251156,-0.6282406,-1.6438656,-1.6594906
1.3248844,1.2780094,1.3561344,1.5748844,1.6998844,1.5905094,1.3248844,1.0436344,1.2311344,1.3092594,0.9967594,0.6061344,0.106134415,-0.050115585,-0.3157406,-0.7219906,-1.3938656,-0.19074059,0.121759415,0.121759415,1.2467594,1.9186344,1.5592594,2.2780094,3.1998844,3.0123844,2.5592594,1.8561344,1.6061344,1.4967594,0.9030094,0.6373844,0.4967594,0.4498844,-0.3469906,-1.1751156,-1.3626156,-1.5969906,-1.8938656,-1.6751156,-1.8938656,-2.1751156,-1.7844906,-1.7688656,-1.8782406,-1.2844906,-0.9251156,-0.8782406,-0.8157406,-0.7844906,-0.8001156,-0.8469906,-0.9719906,-1.1594906,-1.5501156,-1.1126156,-0.8001156
0.6842594,0.9030094,1.3092594,1.4030094,1.4342594,1.5905094,1.5280094,1.4498844,1.6530094,1.5905094,1.4186344,1.0905094,0.5905094,-0.0032405853,-0.018865585,0.15300941,0.3717594,0.090509415,0.2623844,0.4342594,1.4967594,1.6530094,1.5905094,2.4186344,2.9030094,2.8405094,2.4186344,1.9186344,1.3405094,1.2467594,0.4811344,0.7155094,0.5280094,0.8717594,0.4030094,-0.6751156,-1.1907406,-1.8782406,-2.3469906,-2.8313656,-3.3782406,-3.3782406,-3.0657406,-2.9563656,-2.3157406,-1.7688656,-1.5032406,-1.4094906,-1.3782406,-1.3938656,-1.4563656,-1.4719906,-1.6126156,-1.8157406,-1.8001156,-0.5344906,-0.9563656
0.2623844,0.6373844,1.0436344,0.9498844,0.9811344,1.3092594,1.6217594,1.9655094,1.9967594,1.7311344,1.5436344,1.3717594,1.3873844,0.9811344,0.4967594,0.23113441,0.7936344,0.5280094,0.23113441,2.0123844,1.3405094,1.0436344,1.0592594,2.1842594,2.3248844,2.3092594,2.0436344,1.9811344,1.8405094,1.8405094,0.6686344,0.4186344,0.4655094,1.1061344,1.1842594,-0.3157406,-1.2532406,-1.9251156,-2.7219906,-3.7376156,-3.8313656,-3.4563656,-3.3157406,-3.2219906,-3.0344906,-2.8938656,-2.8157406,-2.6907406,-2.5344906,-2.3157406,-2.1126156,-2.0657406,-2.2063656,-2.3782406,-2.4407406,-1.8157406,-0.6751156
-0.12824059,0.24675941,0.3561344,0.4811344,0.6061344,0.9342594,1.4811344,1.9811344,1.9342594,1.9498844,1.8717594,1.8561344,1.5592594,1.3092594,0.8561344,0.15300941,0.3717594,0.6842594,0.090509415,0.6998844,1.1530094,1.0280094,1.0592594,1.8405094,2.1998844,2.2780094,1.8873844,1.4498844,1.1373844,2.0123844,1.4030094,0.7936344,0.6530094,0.7623844,1.8873844,0.2780094,-0.7219906,-1.9251156,-3.0969906,-2.8938656,-3.5344906,-4.0344906,-4.0657406,-4.0813656,-3.8938656,-3.5657406,-3.0969906,-2.7688656,-2.6438656,-2.5344906,-2.4251156,-2.3626156,-2.4719906,-2.6126156,-2.6751156,-2.6594906,-2.1126156
-0.4251156,-0.2688656,-0.22199059,0.012384415,0.5280094,0.4030094,1.3561344,2.0905094,2.5748844,2.2467594,1.9498844,1.6998844,1.8561344,1.7467594,1.3561344,1.0280094,0.7623844,0.6061344,0.028009415,-0.0032405853,0.6530094,1.1842594,1.4186344,2.2467594,2.5905094,2.0905094,0.5123844,-0.6907406,-0.3626156,0.8717594,0.8561344,1.0436344,0.7936344,0.4967594,1.1217594,0.5905094,-0.9094906,-3.3001156,-5.2063656,-4.1907406,-3.7532406,-4.2376156,-4.3469906,-4.3313656,-3.9719906,-3.5813656,-3.0969906,-2.4719906,-1.9719906,-1.7376156,-1.7844906,-2.1126156,-2.4719906,-2.6751156,-2.8938656,-3.1126156,-3.2219906
-0.5188656,-0.6126156,-0.5032406,-0.23761559,0.19988441,0.9498844,1.2623844,1.5280094,1.9030094,1.9967594,2.0592594,1.9342594,1.6061344,1.5592594,2.1686344,1.8092594,0.8248844,0.7780094,0.012384415,0.106134415,0.5280094,1.3561344,1.6686344,2.2780094,2.3092594,1.6061344,0.059259415,-0.5032406,-0.112615585,0.4967594,0.7936344,0.9967594,0.9967594,0.6373844,0.4967594,0.9186344,-0.112615585,-2.0032406,-5.7688656,-6.8313656,-5.0344906,-4.7063656,-4.8626156,-4.7688656,-4.6126156,-4.5032406,-4.4094906,-4.3626156,-4.3626156,-4.3938656,-4.5501156,-4.4719906,-4.3157406,-4.0657406,-3.6751156,-3.6126156,-3.7063656
-0.4094906,-0.6751156,-0.6594906,-0.6438656,-0.3626156,0.18425941,0.7311344,1.2623844,1.6373844,1.7936344,2.1217594,2.4186344,2.1373844,1.6998844,1.9498844,1.3405094,0.5123844,0.24675941,0.043634415,-0.19074059,0.7936344,1.9030094,2.3873844,2.3248844,2.1217594,1.4655094,-0.3001156,-0.2688656,0.121759415,0.5280094,0.7155094,0.8561344,0.9498844,0.8717594,0.6998844,0.028009415,0.24675941,-0.20636559,-2.1438656,-7.0657406,-6.5813656,-6.7063656,-6.9251156,-6.8938656,-6.8626156,-6.8313656,-6.8001156,-6.7219906,-6.6594906,-6.5969906,-6.4563656,-6.3469906,-6.1751156,-6.0032406,-5.8313656,-5.6282406,-5.2376156
-0.3782406,-0.6282406,-0.8782406,-0.8313656,-0.7219906,-0.096990585,0.059259415,0.8248844,1.4030094,1.3561344,1.6217594,2.1842594,2.4655094,2.0592594,1.0592594,0.4342594,0.4498844,0.3717594,-0.050115585,-0.018865585,0.9030094,2.1842594,3.0123844,2.8561344,2.3092594,1.0436344,-0.096990585,0.3405094,0.18425941,0.3561344,0.5905094,0.5748844,0.3092594,0.3092594,0.121759415,-0.112615585,-0.112615585,-0.3469906,-0.8782406,-5.5032406,-6.0344906,-6.0657406,-6.1438656,-6.1907406,-6.2219906,-6.2688656,-6.3626156,-6.3313656,-6.3469906,-6.2688656,-6.1282406,-6.0813656,-5.9251156,-5.8782406,-5.8626156,-5.7688656,-5.5813656
-0.4719906,-0.6907406,-0.9719906,-1.0501156,-0.8313656,-0.3469906,-0.096990585,0.106134415,0.6842594,0.9967594,1.2623844,1.7155094,2.1373844,1.9811344,1.0748844,1.0592594,1.0123844,0.2936344,-0.12824059,0.16863441,0.2623844,1.8092594,2.8717594,2.1998844,0.7155094,-0.018865585,0.4498844,-0.034490585,-0.3157406,-0.15949059,0.074884415,0.012384415,0.028009415,-0.22199059,-0.5344906,-0.2844906,-0.22199059,-0.22199059,0.074884415,-3.8313656,-5.3469906,-5.4719906,-5.4719906,-5.6907406,-5.8626156,-5.9251156,-5.8313656,-5.8782406,-5.9876156,-6.0501156,-6.1126156,-6.2844906,-6.3001156,-6.1907406,-6.0501156,-5.7532406,-5.3626156
-0.6751156,-0.7844906,-0.9407406,-0.9563656,-0.5969906,0.028009415,0.106134415,-0.4094906,-0.096990585,0.6998844,1.4498844,1.5592594,1.6998844,1.8092594,1.2155094,1.1842594,1.2467594,0.8873844,0.121759415,0.106134415,-0.112615585,1.2155094,1.4655094,0.5436344,0.121759415,0.3717594,0.121759415,-0.22199059,0.012384415,-0.034490585,0.043634415,0.059259415,0.059259415,-0.17511559,-0.050115585,0.012384415,0.15300941,0.074884415,-0.19074059,-3.0969906,-4.4719906,-4.6907406,-4.9094906,-5.2063656,-5.4094906,-5.4719906,-5.6126156,-5.7219906,-5.8782406,-6.0501156,-6.2376156,-6.2688656,-6.2532406,-6.1594906,-6.1126156,-5.8469906,-5.4407406
-0.7532406,-0.8157406,-0.9094906,-1.0032406,-0.8782406,-0.3157406,0.106134415,-0.3157406,-0.3938656,0.106134415,1.0592594,1.8561344,1.8561344,1.7155094,1.4498844,1.0280094,0.7780094,0.059259415,0.4030094,0.2780094,-0.15949059,-0.12824059,0.090509415,0.4498844,0.19988441,0.15300941,0.3248844,0.24675941,0.19988441,0.3248844,0.3405094,0.18425941,0.8405094,1.0436344,1.4811344,0.9655094,-0.20636559,-0.081365585,-0.3938656,-3.5188656,-3.7532406,-3.9251156,-4.3001156,-4.5032406,-4.8157406,-5.1438656,-5.4251156,-5.5501156,-5.7376156,-5.8001156,-5.9407406,-6.1282406,-6.1751156,-6.2376156,-6.1438656,-5.8626156,-5.3782406
-1.0501156,-1.2063656,-1.1594906,-1.1282406,-1.2219906,-0.9094906,-0.20636559,-0.12824059,-0.3938656,-0.5657406,-0.3938656,0.6998844,1.4342594,1.6530094,1.8405094,1.7467594,0.8561344,0.18425941,0.074884415,0.15300941,0.21550941,0.090509415,-0.018865585,-0.3157406,-0.2688656,0.19988441,0.3248844,0.2780094,0.2623844,0.2623844,0.21550941,0.3248844,0.9655094,1.0436344,0.5436344,0.3873844,-0.034490585,-0.7219906,-0.17511559,-2.8469906,-3.0969906,-3.3157406,-3.7532406,-4.2844906,-4.7219906,-4.9094906,-5.1594906,-5.3313656,-5.7063656,-6.0032406,-6.1438656,-6.3157406,-6.5969906,-6.7063656,-6.4719906,-5.9094906,-5.0344906
-1.3157406,-1.5501156,-1.8313656,-1.8626156,-1.7688656,-1.3313656,-0.5501156,-0.034490585,0.090509415,-0.3938656,-0.6594906,-0.3313656,0.4655094,1.3405094,2.1373844,2.0905094,0.7780094,-0.050115585,-0.034490585,0.106134415,0.3873844,0.3717594,0.5748844,0.24675941,0.18425941,-0.112615585,-0.081365585,0.24675941,-0.112615585,-0.3001156,0.074884415,0.6217594,0.7311344,0.3248844,0.24675941,0.15300941,-0.23761559,-0.4563656,-0.4563656,-2.4563656,-2.5813656,-2.7844906,-3.2532406,-4.0188656,-4.3938656,-4.8626156,-5.1907406,-5.4563656,-5.9407406,-6.3157406,-6.5813656,-6.8001156,-7.0188656,-7.1907406,-6.9719906,-6.2844906,-4.8157406
-1.4563656,-1.9407406,-2.4251156,-2.2532406,-1.6907406,-1.3469906,-0.9563656,-0.6282406,-0.3938656,-0.12824059,0.19988441,0.2780094,0.4811344,1.1998844,2.1217594,2.2155094,0.5280094,-0.5032406,0.121759415,0.043634415,0.4030094,0.2936344,0.19988441,-0.15949059,-0.3001156,-0.3313656,-0.22199059,-0.17511559,-0.2532406,-0.6751156,-0.4563656,0.6217594,1.1061344,0.7467594,0.028009415,-0.5501156,-0.3626156,0.6061344,0.090509415,-1.4407406,-1.9563656,-2.0032406,-2.7688656,-3.4251156,-4.0032406,-4.5188656,-5.1751156,-5.8469906,-6.3313656,-6.8001156,-7.0032406,-7.0969906,-7.3469906,-7.7063656,-7.7844906,-7.3001156,-5.5188656
-1.3157406,-1.5032406,-1.5032406,-1.6907406,-1.8001156,-1.6438656,-1.5032406,-1.3001156,-1.4407406,-1.9719906,-2.2376156,-1.9407406,-0.8469906,0.8561344,1.7936344,1.9030094,0.4342594,0.5123844,0.059259415,-0.22199059,0.043634415,0.23113441,0.106134415,0.043634415,-0.0032405853,-0.050115585,-0.22199059,0.043634415,-0.034490585,-0.7688656,-0.9094906,0.15300941,0.6842594,0.4967594,-0.018865585,-0.4563656,0.043634415,0.6998844,0.8248844,-0.5657406,-1.1438656,-1.4563656,-2.2688656,-3.0032406,-3.6594906,-4.1594906,-4.9719906,-5.6907406,-6.2376156,-6.7532406,-7.0813656,-7.1907406,-7.3626156,-8.003241,-8.393866,-8.159491,-6.6907406
-0.8469906,-1.0813656,-1.0813656,-1.2219906,-1.7688656,-2.0188656,-1.9719906,-1.8313656,-1.9094906,-1.3001156,-0.8001156,-0.7844906,-2.0657406,-0.12824059,1.2623844,0.9655094,0.121759415,0.5123844,0.059259415,-0.3469906,-0.14386559,0.16863441,0.18425941,-0.081365585,0.23113441,-0.018865585,-0.0032405853,0.074884415,-0.2688656,-0.9876156,-1.2844906,-1.9251156,-0.096990585,-0.2532406,0.23113441,1.1217594,0.5592594,2.0905094,1.6686344,0.4811344,-0.3157406,-0.9407406,-1.7376156,-2.5813656,-3.3001156,-3.8626156,-4.4719906,-5.1907406,-5.8938656,-6.5032406,-6.9407406,-7.1751156,-7.0969906,-7.6594906,-8.378241,-8.440741,-7.6282406
-0.5657406,-1.1282406,-1.5657406,-1.5657406,-1.4719906,-1.7844906,-2.0188656,-1.9563656,-1.5813656,-0.4094906,-0.22199059,-0.2688656,-0.4876156,-0.6126156,0.8405094,0.2936344,0.090509415,0.15300941,-0.3626156,-0.5501156,-0.5657406,-0.12824059,0.13738441,0.13738441,-0.050115585,0.028009415,0.2780094,0.121759415,-0.23761559,-0.6907406,-1.1594906,-2.3469906,-1.4876156,-0.6126156,-0.14386559,0.8873844,1.9186344,3.0280094,1.6998844,1.2155094,0.8873844,-0.17511559,-1.5032406,-2.4094906,-2.8938656,-3.5344906,-4.1438656,-4.7844906,-5.4407406,-6.0813656,-6.6282406,-6.8782406,-6.7844906,-7.0188656,-7.8001156,-8.237616,-7.9251156
-0.034490585,-0.7532406,-1.5188656,-2.1751156,-2.2063656,-1.7532406,-1.9251156,-1.8157406,-1.1126156,-0.034490585,-0.018865585,-0.12824059,-0.12824059,-0.081365585,0.3561344,0.13738441,0.23113441,-0.096990585,0.074884415,0.059259415,-0.2532406,0.012384415,0.121759415,-0.018865585,0.028009415,0.3873844,0.6061344,0.4655094,0.18425941,0.18425941,-0.4407406,-0.8938656,-1.5969906,-0.7688656,0.012384415,1.4811344,1.9342594,1.7467594,1.0280094,0.8405094,0.8248844,-0.0032405853,-1.1907406,-1.8001156,-2.6751156,-3.5501156,-4.0188656,-4.4251156,-4.9719906,-5.5813656,-6.0657406,-6.2688656,-6.2844906,-6.3782406,-7.1126156,-7.8626156,-8.050116
0.7467594,-0.3157406,-1.6751156,-2.9251156,-3.4094906,-2.6282406,-1.8626156,-1.7063656,-0.9719906,0.121759415,-0.17511559,-0.2532406,-0.065740585,-0.096990585,0.106134415,-0.034490585,0.3248844,0.16863441,0.012384415,0.059259415,0.074884415,0.121759415,0.3405094,0.012384415,-0.018865585,0.3873844,0.7311344,0.5592594,0.6217594,0.5280094,-0.112615585,-0.9563656,-0.9876156,-0.096990585,1.1217594,1.4030094,1.4498844,1.2311344,0.7780094,0.4655094,0.4967594,-0.018865585,-0.7844906,-1.5344906,-2.6594906,-3.2688656,-3.6751156,-4.1594906,-4.7844906,-5.4094906,-5.8157406,-5.9719906,-5.8469906,-5.6594906,-6.1907406,-7.0032406,-7.6438656
1.2467594,-0.034490585,-1.6751156,-3.0657406,-3.6907406,-3.2532406,-2.0501156,-1.3782406,-1.0344906,-0.14386559,-0.3626156,-0.2844906,-0.14386559,-0.065740585,-0.3157406,-0.4563656,-0.096990585,0.059259415,0.106134415,0.028009415,0.059259415,-0.034490585,-0.0032405853,-0.112615585,0.090509415,0.4342594,-0.3469906,-0.2688656,0.090509415,-0.5657406,-0.5032406,-0.8469906,-0.3313656,-0.3313656,0.2780094,0.9342594,1.8092594,1.9342594,0.5123844,-1.0813656,-0.8782406,0.15300941,-0.4407406,-1.5969906,-2.0344906,-2.3626156,-2.8469906,-3.5188656,-4.3782406,-5.1282406,-5.5657406,-5.8469906,-5.9094906,-5.8001156,-6.0032406,-6.2219906,-6.5188656
1.0592594,-0.19074059,-1.5032406,-2.4407406,-2.9251156,-2.8313656,-1.8157406,-1.1594906,-1.3938656,-0.2844906,0.2623844,-0.050115585,-0.018865585,-0.065740585,-0.17511559,0.13738441,0.074884415,0.5123844,0.3248844,0.090509415,-0.096990585,0.028009415,0.106134415,0.106134415,0.4030094,0.6530094,0.3092594,-0.3157406,-0.4251156,-0.4719906,-0.7844906,-0.3626156,-2.0032406,-1.6126156,-0.5969906,0.3717594,2.4655094,2.8405094,0.2623844,-0.112615585,-1.0188656,-0.2844906,-0.3157406,-0.8001156,-0.9563656,-1.3938656,-1.9876156,-2.6751156,-3.5501156,-4.4563656,-4.8001156,-5.1282406,-5.4094906,-5.6751156,-5.8313656,-5.8782406,-6.2688656
0.8405094,-0.2844906,-1.3001156,-1.8001156,-2.0969906,-2.5657406,-1.8626156,-0.6126156,-0.6907406,-0.22199059,0.13738441,-0.018865585,0.043634415,-0.018865585,0.2623844,0.059259415,0.090509415,0.18425941,0.21550941,0.043634415,-0.22199059,-0.065740585,0.19988441,0.7311344,0.6373844,0.6061344,1.0905094,0.5436344,-0.23761559,-0.5501156,-0.15949059,-1.2063656,-4.7219906,-5.0032406,-3.0188656,-0.018865585,1.9811344,1.5592594,0.24675941,0.5905094,0.7936344,0.6530094,0.3561344,-0.081365585,-0.6907406,-1.1438656,-1.5813656,-2.0813656,-2.7688656,-3.6594906,-4.0657406,-4.3313656,-4.6438656,-4.9876156,-5.3469906,-5.5344906,-5.8469906
0.6061344,-0.096990585,-0.9251156,-1.4719906,-1.5969906,-2.0344906,-1.6751156,-1.0032406,-0.19074059,-0.14386559,-0.081365585,0.059259415,0.13738441,-0.034490585,-0.034490585,-0.19074059,-0.22199059,-0.050115585,-0.065740585,-0.081365585,-0.12824059,0.13738441,0.2780094,0.7467594,0.8561344,0.9811344,1.1530094,0.23113441,0.5123844,0.7467594,-0.3001156,-2.3938656,-4.7532406,-6.0188656,-5.7844906,-2.6594906,0.8873844,1.4030094,0.2623844,1.5905094,2.0905094,0.7623844,1.1061344,0.6373844,-0.3001156,-0.8469906,-1.0657406,-1.3782406,-2.0032406,-3.0188656,-3.5032406,-3.7219906,-4.0501156,-4.2219906,-4.6282406,-5.0344906,-5.1751156
0.8405094,0.21550941,-0.3157406,-1.1751156,-1.4563656,-1.2063656,-1.3001156,-0.3157406,-0.5501156,0.7311344,0.23113441,-0.018865585,-0.0032405853,-0.2532406,-0.096990585,-0.5969906,0.090509415,0.028009415,-0.065740585,-0.065740585,-0.065740585,0.059259415,0.2936344,0.6061344,0.6686344,0.5436344,0.4030094,1.4655094,2.0592594,0.6217594,0.106134415,-0.8626156,-2.3782406,-4.5188656,-5.8001156,-4.5501156,-1.1282406,1.7467594,2.4967594,1.9655094,1.0905094,1.0748844,1.7936344,1.2780094,0.4186344,-0.4094906,-0.8782406,-1.2844906,-1.7844906,-2.5657406,-3.3782406,-3.4094906,-3.6438656,-3.9876156,-4.0188656,-4.2532406,-4.4251156
1.6217594,0.5905094,-0.22199059,-1.0501156,-1.7063656,-0.8157406,-0.050115585,-0.19074059,-0.14386559,0.2780094,0.16863441,0.16863441,0.23113441,-0.050115585,-0.17511559,-0.3313656,-0.4719906,-0.3469906,-0.3626156,0.16863441,0.074884415,0.121759415,0.4498844,0.5123844,0.7155094,0.6373844,0.7155094,1.2780094,1.1217594,0.3248844,-0.050115585,-0.8001156,-1.3469906,-1.7063656,-4.8469906,-5.3782406,-2.8313656,-0.018865585,1.8561344,2.4498844,0.9967594,1.2467594,1.2936344,0.8717594,0.19988441,-0.6907406,-1.3469906,-1.7063656,-2.0501156,-2.4563656,-3.3157406,-4.0344906,-3.8157406,-3.6594906,-3.8938656,-3.6126156,-3.4407406
